bac	fun	date	bac_16S	fun_18S	bac_fun_16S	bac_fun_18S	bac_cfu	fun_cfu	bac_cfu_co	fun_cfu_co
ID-0052	ID-0367	30.09.2024	2.35E+09	1.60E+09	2.96E+09	9.63E+08	3.80E+08	5.00E+08	1.07E+09	3.32E+08
ID-1047	ID-0367	30.09.2024	1.82E+10	1.60E+09	1.02E+10	3.04E+08	2.97E+10	5.00E+08	1.75E+10	
ID-1047	ID-0368	30.09.2024	1.82E+10	1.05E+09	1.24E+10	6.87E+08	2.97E+10	3.42E+08	1.26E+10	
ID-1047	ID-0991	30.09.2024	1.82E+10	6.26E+08	5.96E+09	3.28E+08	2.97E+10	6.80E+08	7.80E+09	
ID-0467	ID-0367	07.10.2024	3.09E+08	1.19E+09	1.11E+09	1.17E+09	1.57E+09	5.00E+08	9.80E+08	2.34E+08
ID-1443	ID-0367	07.10.2024	1.53E+10	1.19E+09	8.96E+09	3.99E+08	3.20E+09	5.00E+08	5.70E+09	6.40E+07
ID-0467	ID-0368	07.10.2024	3.09E+08	2.35E+09	4.38E+08	4.33E+08	1.06E+09	1.47E+08	9.80E+08	2.00E+06
ID-1443	ID-0368	07.10.2024	1.53E+10	2.35E+09	2.17E+10	2.38E+08	4.60E+09	1.47E+08	5.70E+09	3.90E+06
ID-0467	ID-0991	07.10.2024	3.09E+08	5.19E+08	4.50E+08	3.38E+08	1.01E+09	1.99E+08	9.80E+08	3.08E+07
ID-1443	ID-0991	07.10.2024	1.53E+10	5.19E+08	4.70E+09	3.34E+08	2.10E+09	1.99E+08	5.70E+09	1.11E+08
ID-0052	ID-0367	21.10.2024	7.71E+08	1.31E+09	2.97E+09	1.29E+09	2.86E+08	6.60E+08	1.12E+09	4.90E+08
ID-0136	ID-0367	21.10.2024	2.10E+09	1.31E+09	2.05E+09	7.34E+08	6.20E+08	6.60E+08	7.90E+08	4.60E+08
ID-0184	ID-0367	21.10.2024	7.42E+08	1.31E+09	3.46E+08	8.45E+08	1.05E+08	6.60E+08	7.10E+07	5.60E+08
ID-1456	ID-0367	21.10.2024	1.19E+10	1.31E+09	1.30E+10	2.47E+07	1.90E+08	6.60E+08	2.90E+08	9.49E+06
ID-0052	ID-0368	21.10.2024	7.71E+08	1.26E+09	1.74E+09	4.52E+08	2.86E+08	3.30E+08	6.50E+08	7.50E+07
ID-0136	ID-0368	21.10.2024	2.10E+09	1.26E+09	2.59E+09	4.89E+08	6.20E+08	3.30E+08	5.10E+08	4.10E+07
ID-0184	ID-0368	21.10.2024	7.42E+08	1.26E+09	3.91E+08	3.97E+08	1.05E+08	3.30E+08	3.90E+07	4.60E+07
ID-1456	ID-0368	21.10.2024	1.19E+10	1.26E+09	1.80E+10	2.13E+07	1.90E+08	3.30E+08	3.00E+07	8.40E+06
ID-0052	ID-0991	21.10.2024	7.71E+08	7.52E+08	9.10E+08	5.98E+08	2.86E+08	6.00E+08	1.40E+08	1.49E+08
ID-0136	ID-0991	21.10.2024	2.10E+09	7.52E+08	2.24E+09	4.60E+08	6.20E+08	6.00E+08	3.80E+08	2.19E+08
ID-0184	ID-0991	21.10.2024	7.42E+08	7.52E+08	4.04E+08	4.90E+08	1.05E+08	6.00E+08	2.70E+07	8.80E+07
ID-1456	ID-0991	21.10.2024	1.19E+10	7.52E+08	3.51E+10	5.99E+07	1.90E+08	6.00E+08	1.40E+08	9.20E+06
ID-0049	ID-0367	04.11.2024	5.14E+08	7.10E+08	8.89E+08	5.61E+08	2.64E+06	1.32E+08	1.85E+07	9.84E+07
ID-0467	ID-0367	04.11.2024	4.70E+08	7.10E+08	1.53E+09	2.98E+08	9.70E+07	1.32E+08	1.06E+08	2.77E+07
ID-1443	ID-0367	04.11.2024	1.53E+10	7.10E+08	1.75E+10	5.99E+07	1.35E+10	1.32E+08	1.64E+10	9.30E+06
ID-1609	ID-0367	04.11.2024	8.21E+06	7.10E+08	2.06E+08	4.12E+08	4.30E+06	1.32E+08	1.44E+07	5.00E+07
ID-1626	ID-0367	04.11.2024	9.00E+07	7.10E+08	4.66E+08	5.22E+08	1.20E+08	1.32E+08	9.50E+07	6.40E+07
ID-0049	ID-0368	04.11.2024	5.14E+08	7.41E+08	2.02E+09	6.29E+08	2.64E+06	4.00E+07	7.80E+06	1.96E+07
ID-0467	ID-0368	04.11.2024	4.70E+08	7.41E+08	7.88E+08	1.60E+08	9.70E+07	4.00E+07	9.30E+07	1.20E+06
ID-1443	ID-0368	04.11.2024	1.53E+10	7.41E+08	2.58E+10	5.83E+07	1.35E+10	4.00E+07	1.60E+10	2.70E+06
ID-1609	ID-0368	04.11.2024	8.21E+06	7.41E+08	1.41E+08	1.72E+08	4.30E+06	4.00E+07	2.02E+07	2.10E+06
ID-1626	ID-0368	04.11.2024	9.00E+07	7.41E+08	4.83E+08	5.16E+08	1.20E+08	4.00E+07	4.40E+07	1.66E+07
ID-0049	ID-0991	04.11.2024	5.14E+08	4.71E+08	1.20E+09	2.41E+08	2.64E+06	9.10E+07	1.69E+07	3.20E+07
ID-0467	ID-0991	04.11.2024	4.70E+08	4.71E+08	5.62E+08	6.13E+07	9.70E+07	9.10E+07	1.10E+08	4.00E+05
ID-1443	ID-0991	04.11.2024	1.53E+10	7.10E+08	1.10E+10	4.14E+07	1.35E+10	9.10E+07	1.67E+10	9.40E+06
ID-1609	ID-0991	04.11.2024	8.21E+06	4.71E+08	1.36E+08	8.17E+07	4.30E+06	9.10E+07	2.18E+07	3.00E+06
ID-1626	ID-0991	04.11.2024	9.00E+07	4.71E+08	7.44E+08	1.91E+08	1.20E+08	9.10E+07	7.20E+07	1.76E+07
ID-0049	ID-0367	18.11.2024	7.40E+08	7.43E+08	1.34E+09	9.26E+08	1.99E+08	2.09E+08	3.11E+08	9.90E+07
ID-1456	ID-0367	18.11.2024	1.90E+10	7.43E+08	1.46E+10	8.24E+07	7.50E+09	2.09E+08	1.39E+10	4.10E+06
ID-1609	ID-0367	18.11.2024	5.93E+06	7.43E+08	1.39E+08	5.16E+08	3.50E+06	2.09E+08	1.73E+07	4.60E+07
ID-1626	ID-0367	18.11.2024	6.42E+07	7.43E+08	4.26E+08	7.41E+08	1.10E+08	2.09E+08	9.60E+07	6.20E+07
ID-0049	ID-0368	18.11.2024	7.40E+08	1.10E+09	1.13E+09	7.34E+08	1.99E+08	8.00E+07	9.80E+07	1.94E+07
ID-0052	ID-0368	18.11.2024	8.36E+08	1.10E+09	3.61E+09	2.98E+08	4.70E+08	8.00E+07	7.68E+08	1.17E+07
ID-1456	ID-0368	18.11.2024	1.90E+10	1.10E+09	1.30E+10	9.87E+07	7.50E+09	8.00E+07	9.80E+09	1.47E+07
ID-1609	ID-0368	18.11.2024	5.93E+06	1.10E+09	2.12E+08	1.45E+08	3.50E+06	8.00E+07	2.05E+07	1.01E+07
ID-1626	ID-0368	18.11.2024	6.42E+07	1.10E+09	8.10E+08	5.06E+08	1.10E+08	8.00E+07	4.10E+07	5.30E+07
ID-0049	ID-0991	18.11.2024	7.40E+08	3.66E+08	1.09E+09	4.74E+08	1.99E+08	9.33E+07	1.94E+08	2.61E+07
ID-0052	ID-0991	18.11.2024	8.36E+08	3.66E+08	1.93E+09	9.64E+07	4.70E+08	9.33E+07	1.03E+09	1.25E+07
ID-1456	ID-0991	18.11.2024	1.90E+10	3.66E+08	1.25E+10	3.94E+07	7.50E+09	9.33E+07	8.80E+09	4.60E+06
ID-1609	ID-0991	18.11.2024	5.93E+06	3.66E+08	9.77E+07	6.98E+07	3.50E+06	9.33E+07	2.38E+07	5.40E+06
ID-1626	ID-0991	18.11.2024	6.42E+07	3.66E+08	6.91E+08	2.23E+08	1.10E+08	9.33E+07	6.40E+07	2.49E+07
ID-0136	ID-0367	25.11.2024	1.56E+09	1.07E+09	1.14E+09	9.23E+07	5.10E+08	1.27E+08	5.90E+08	1.91E+07
ID-0184	ID-0367	25.11.2024	6.66E+08	1.07E+09	1.10E+09	4.85E+08	1.13E+08	1.27E+08	6.50E+07	1.21E+08
ID-1047	ID-0367	25.11.2024	1.98E+10	1.07E+09	1.26E+10	1.52E+08	6.20E+09	1.27E+08	1.19E+10	
ID-0136	ID-0368	25.11.2024	1.56E+09	1.75E+09	1.95E+09	2.19E+08	5.10E+08	4.60E+07	3.60E+08	3.70E+06
ID-0184	ID-0368	25.11.2024	6.66E+08	1.75E+09	6.36E+08	3.79E+08	1.13E+08	4.60E+07	6.40E+07	1.43E+07
ID-1047	ID-0368	25.11.2024	1.98E+10	1.75E+09	1.02E+10	3.60E+08	6.20E+09	4.60E+07	2.70E+09	
ID-0136	ID-0991	25.11.2024	1.56E+09	4.81E+08	1.82E+09	1.06E+08	5.10E+08	7.10E+07	4.60E+08	1.42E+07
ID-0184	ID-0991	25.11.2024	6.66E+08	4.81E+08	5.93E+08	7.73E+07	1.13E+08	7.10E+07	7.20E+07	4.80E+06
ID-1047	ID-0991	25.11.2024	1.98E+10	4.81E+08	9.75E+09	1.62E+08	6.20E+09	7.10E+07	6.70E+09	
ID-0049	ID-1109	02.12.2024	3.31E+08	1.98E+08	4.18E+08	6.16E+07	3.90E+08	2.05E+08	1.79E+08	1.05E+08
ID-0184	ID-1109	02.12.2024	2.46E+08	1.98E+08	4.44E+08	1.24E+08	1.16E+08	2.05E+08	7.50E+07	1.01E+08
ID-0467	ID-1109	02.12.2024	3.52E+08	1.98E+08	3.39E+08	4.43E+07	1.14E+09	2.05E+08	8.80E+08	1.00E+07
ID-1456	ID-1109	02.12.2024	1.21E+10	1.98E+08	1.00E+10	1.17E+07	1.20E+10	2.05E+08	8.70E+09	3.50E+06
ID-1609	ID-1109	02.12.2024	7.14E+05	1.98E+08	2.77E+07	8.85E+07	2.20E+06	2.05E+08	8.60E+06	2.62E+07
ID-1626	ID-1109	02.12.2024	1.98E+07	1.98E+08	1.12E+08	5.33E+07	1.33E+08	2.05E+08	7.80E+07	7.42E+07
ID-0049	ID-1109	09.12.2024	5.38E+08	1.05E+08	4.20E+07	5.14E+06	2.26E+08	2.77E+08	9.54E+07	1.27E+08
ID-0136	ID-1109	09.12.2024	2.90E+09	1.05E+08	1.40E+09	1.54E+08	6.30E+07	2.77E+08	3.21E+07	8.70E+07
ID-0136	ID-1109	09.12.2024	3.63E+08	1.05E+08	9.64E+08	1.39E+08	6.40E+07	2.77E+08	2.79E+07	1.09E+08
ID-0184	ID-1109	09.12.2024	1.60E+08	1.05E+08	5.01E+08	1.02E+08	1.48E+08	2.77E+08	9.10E+07	9.40E+07
ID-0467	ID-1109	09.12.2024	5.07E+08	1.05E+08	8.44E+07	2.26E+07	1.00E+09	2.77E+08	9.80E+08	2.13E+07
ID-1456	ID-1109	09.12.2024	1.13E+10	1.05E+08	7.80E+09	1.64E+07	1.55E+10	2.77E+08	1.10E+10	2.00E+07
ID-1609	ID-1109	09.12.2024	2.03E+05	1.05E+08	6.03E+07	1.16E+08	4.20E+06	2.77E+08	1.41E+07	4.60E+07
ID-1626	ID-1109	09.12.2024	3.29E+08	1.05E+08	1.50E+08	1.20E+08	8.60E+07	2.77E+08	2.64E+07	1.09E+08
