sampleID	slice	medium	dilution	counts	manually_ex	auto_ex	used_counts	ex2	real_counts	real_counts_zero	log_counts	underestimation	undest_logcounts	ex3
B1	1	BR	1	8		0	8	0	240	240	2.380211242	0	2.380211242	0
B1	1	BR	2	0		0		x				0		x
B1	1	MRS	3	2		0	2	0	2000	2000	3.301029996	0	3.301029996	0
B1	1	MRS	4	0		0		x				0		x
B1	1	MRS	5	0		0		x				0		x
B1	1	MRS	6	0		0		x				0		x
B1	1	PCA	3	15		0	15	0	15000	15000	4.176091259	0	4.176091259	0
B1	1	PCA	4	1		0		x				0		x
B1	1	PCA	5	0		0		x				0		x
B1	1	PCA	6	0		0		x				0		x
B1	1	RCM	1	5		0	5	0	150	150	2.176091259	0	2.176091259	0
B1	1	VRBD	1	0		0	0	0	0	1	0	0	0	0
B1	1	VRBD	2	0		0		x				0		x
B1	1	VRBD	3	0		0		x				0		x
B1	1	YGC25	1	7		0	7	0	210	210	2.322219295	0	2.322219295	0
B1	1	YGC25	2	4		0		x				0		x
B1	1	YGC4	1	4		0	4	0	120	120	2.079181246	0	2.079181246	0
B1	1	YGC4	2	4		0		x				0		x
B1	2	BR	1	8		0	8	0	240	240	2.380211242	0	2.380211242	0
B1	2	BR	2	0		0		x				0		x
B1	2	MRS	2	71		0	71	0	7100	7100	3.851258349	0	3.851258349	0
B1	2	MRS	3	0		0		x				0		x
B1	2	PCA	2	127		0	127	0	12700	12700	4.103803721	0	4.103803721	0
B1	2	PCA	3	16		0	16	0	16000	16000	4.204119983	0	4.204119983	0
B1	2	RCM	1	120		0	120	0	3600	3600	3.556302501	0	3.556302501	0
B1	2	VRBD	1	7		0	7	0	210	210	2.322219295	0	2.322219295	0
B1	2	VRBD	2	1		0		x				0		x
B1	2	YGC25	1	12		0	12	0	360	360	2.556302501	0	2.556302501	0
B1	2	YGC25	2	4		0		x				0		x
B1	2	YGC4	1	14		0	14	0	420	420	2.62324929	0	2.62324929	0
B1	2	YGC4	2	1		0		x				0		x
B1	3	BR	1	12		0	12	0	360	360	2.556302501	0	2.556302501	0
B1	3	BR	2	8		0		x				0		x
B1	3	MRS	3	254		0	254	0	254000	254000	5.404833717	0	5.404833717	0
B1	3	MRS	4	32		0	32	0	320000	320000	5.505149978	0	5.505149978	0
B1	3	MRS	5	3		0		x				0		x
B1	3	PCA	3	214		0	214	0	214000	214000	5.330413773	0	5.330413773	0
B1	3	PCA	4	23		0	23	0	230000	230000	5.361727836	0	5.361727836	0
B1	3	PCA	5	0		0		x				0		x
B1	3	RCM	2	300		x	300	x				1	4.477121255	0
B1	3	VRBD	1	92		0	92	0	2760	2760	3.440909082	0	3.440909082	0
B1	3	VRBD	2	36		0	36	0	3600	3600	3.556302501	0	3.556302501	0
B1	3	VRBD	3	0		0		x				0		x
B1	3	YGC25	1	32		0	32	0	960	960	2.982271233	0	2.982271233	0
B1	3	YGC25	2	8		0		x				0		x
B1	3	YGC4	1	25		0	25	0	750	750	2.875061263	0	2.875061263	0
B1	3	YGC4	2	6		0		x				0		x
B1	4	BR	1	113		0	113	0	3390	3390	3.530199698	0	3.530199698	0
B1	4	BR	2	38		0	38	0	3800	3800	3.579783597	0	3.579783597	0
B1	4	MRS	4	300		x	300	x				0		x
B1	4	MRS	5	53		0	53	0	5300000	5300000	6.72427587	0	6.72427587	0
B1	4	MRS	6	12		0	12	0	12000000	12000000	7.079181246	0	7.079181246	0
B1	4	PCA	4	300		x	300	x				0		x
B1	4	PCA	5	39		0	39	0	3900000	3900000	6.591064607	0	6.591064607	0
B1	4	PCA	6	7		0		x				0		x
B1	4	RCM	3	300		x	300	x				1	5.477121255	0
B1	4	VRBD	1	7		0	7	0	210	210	2.322219295	0	2.322219295	0
B1	4	VRBD	2	1		0		x				0		x
B1	4	VRBD	3	0		0		x				0		x
B1	4	YGC25	1	123		0	123	0	3690	3690	3.567026366	0	3.567026366	0
B1	4	YGC25	2	39		0	39	0	3900	3900	3.591064607	0	3.591064607	0
B1	4	YGC4	1	300		x	300	x				0		x
B1	4	YGC4	2		x	x		x				0		x
B1	5	BR	2	154		0	154	0	15400	15400	4.187520721	0	4.187520721	0
B1	5	BR	3	19		0	19	0	19000	19000	4.278753601	0	4.278753601	0
B1	5	MRS	5	179		0	179	0	17900000	17900000	7.252853031	0	7.252853031	0
B1	5	MRS	6	18		0	18	0	18000000	18000000	7.255272505	0	7.255272505	0
B1	5	MRS	7	2		0		x				0		x
B1	5	PCA	5	179		0	179	0	17900000	17900000	7.252853031	0	7.252853031	0
B1	5	PCA	6	23		0	23	0	23000000	23000000	7.361727836	0	7.361727836	0
B1	5	PCA	7	3		0		x				0		x
B1	5	VRBD	2	300		x	300	x				0		x
B1	5	VRBD	3	170		0	170	0	170000	170000	5.230448921	0	5.230448921	0
B1	5	VRBD	4	6		0		x				0		x
B1	5	YGC25	2	127		0	127	0	12700	12700	4.103803721	0	4.103803721	0
B1	5	YGC25	3	10		0	10	0	10000	10000	4	0	4	0
B1	5	YGC4	2		x	x	0	x				0		x
B1	5	YGC4	3		x	x		x				0		x
B1	6	BR	3	18		0	18	0	18000	18000	4.255272505	0	4.255272505	0
B1	6	BR	4	2		0		x				0		x
B1	6	MRS	6	26		0	26	0	26000000	26000000	7.414973348	0	7.414973348	0
B1	6	MRS	7	3		0		x				0		x
B1	6	MRS	8	0		0		x				0		x
B1	6	PCA	6	13		0	13	0	13000000	13000000	7.113943352	0	7.113943352	0
B1	6	PCA	7	0		0		x				0		x
B1	6	PCA	8	0		0		x				0		x
B1	6	VRBD	3	300		x	300	x				0		x
B1	6	VRBD	4	27		0	27	0	270000	270000	5.431363764	0	5.431363764	0
B1	6	VRBD	5	1		0		x				0		x
B1	6	YGC25	3	30		0	30	0	30000	30000	4.477121255	0	4.477121255	0
B1	6	YGC25	4	3		0		x				0		x
B1	6	YGC4	3	35		0	35	0	35000	35000	4.544068044	0	4.544068044	0
B1	6	YGC4	4	3		0		x				0		x
B1	7	BR	3	68		0	68	0	68000	68000	4.832508913	0	4.832508913	0
B1	7	BR	4	11		0	11	0	110000	110000	5.041392685	0	5.041392685	0
B1	7	MRS	5	300		x	300	x				0		x
B1	7	MRS	6	62		0	62	0	62000000	62000000	7.792391689	0	7.792391689	0
B1	7	MRS	7	10		0	10	0	100000000	100000000	8	0	8	0
B1	7	PCA	5	263		0	263	0	26300000	26300000	7.419955748	0	7.419955748	0
B1	7	PCA	6	40		0	40	0	40000000	40000000	7.602059991	0	7.602059991	0
B1	7	PCA	7	1		0		x				0		x
B1	7	VRBD	3	90		0	90	0	90000	90000	4.954242509	0	4.954242509	0
B1	7	VRBD	4	5		0		x				0		x
B1	7	VRBD	5	0		0		x				0		x
B1	7	YGC25	3	119		0	119	0	119000	119000	5.075546961	0	5.075546961	0
B1	7	YGC25	4	9		0		x				0		x
B1	7	YGC4	3	300		x	300	x				0		x
B1	7	YGC4	4	74		0	74	0	740000	740000	5.86923172	0	5.86923172	0
B1	8	BR	3	10		0	10	0	10000	10000	4	0	4	0
B1	8	BR	4	1		0		x				0		x
B1	8	MRS	6	21		0	21	0	21000000	21000000	7.322219295	0	7.322219295	0
B1	8	MRS	7	0		0		x				0		x
B1	8	MRS	8	0		0		x				0		x
B1	8	PCA	6	18		0	18	0	18000000	18000000	7.255272505	0	7.255272505	0
B1	8	PCA	7	2		0		x				0		x
B1	8	PCA	8	0		0		x				0		x
B1	8	VRBD	2	0	x	x	0	x				0		x
B1	8	VRBD	3	0	x	x		x				0		x
B1	8	VRBD	4	0	x	x		x				0		x
B1	8	YGC25	3	8		0	8	0	8000	8000	3.903089987	0	3.903089987	0
B1	8	YGC25	4	2		0		x				0		x
B1	8	YGC4	3	8		0	8	0	8000	8000	3.903089987	0	3.903089987	0
B1	8	YGC4	4	2		0		x				0		x
B2	1	BR	1	22		0	22	0	660	660	2.819543936	0	2.819543936	0
B2	1	BR	2	4		0		x				0		x
B2	1	MRS	3	3		0	3	0	3000	3000	3.477121255	0	3.477121255	0
B2	1	MRS	4	0		0		x				0		x
B2	1	MRS	5	0		0		x				0		x
B2	1	MRS	6	0		0		x				0		x
B2	1	PCA	3	10		0	10	0	10000	10000	4	0	4	0
B2	1	PCA	4	1		0		x				0		x
B2	1	PCA	5	0		0		x				0		x
B2	1	PCA	6	0		0		x				0		x
B2	1	RCM	1	10		0	10	0	300	300	2.477121255	0	2.477121255	0
B2	1	VRBD	1	0		0	0	0	0	1	0	0	0	0
B2	1	VRBD	2	0		0		x				0		x
B2	1	VRBD	3	0		0		x				0		x
B2	1	YGC25	1	20		0	20	0	600	600	2.77815125	0	2.77815125	0
B2	1	YGC25	2	11		0	11	0	1100	1100	3.041392685	0	3.041392685	0
B2	1	YGC4	1	30		0	30	0	900	900	2.954242509	0	2.954242509	0
B2	1	YGC4	2	14		0	14	0	1400	1400	3.146128036	0	3.146128036	0
B2	2	BR	1	64		0	64	0	1920	1920	3.283301229	0	3.283301229	0
B2	2	BR	2	18		0	18	0	1800	1800	3.255272505	0	3.255272505	0
B2	2	MRS	2	300		x	300	x				0		x
B2	2	MRS	3	33		0	33	0	33000	33000	4.51851394	0	4.51851394	0
B2	2	PCA	2	300		x	300	x				0		x
B2	2	PCA	3	50		0	50	0	50000	50000	4.698970004	0	4.698970004	0
B2	2	RCM	1	300		x	300	x				1	3.477121255	0
B2	2	VRBD	1	78		0	78	0	2340	2340	3.369215857	0	3.369215857	0
B2	2	VRBD	2	21		0	21	0	2100	2100	3.322219295	0	3.322219295	0
B2	2	YGC25	1	84		0	84	0	2520	2520	3.401400541	0	3.401400541	0
B2	2	YGC25	2	27		0	27	0	2700	2700	3.431363764	0	3.431363764	0
B2	2	YGC4	1	61		0	61	0	1830	1830	3.26245109	0	3.26245109	0
B2	2	YGC4	2	23		0	23	0	2300	2300	3.361727836	0	3.361727836	0
B2	3	BR	1	173		0	173	0	5190	5190	3.715167358	0	3.715167358	0
B2	3	BR	2	36		0	36	0	3600	3600	3.556302501	0	3.556302501	0
B2	3	MRS	3	300		x	300	x				0		x
B2	3	MRS	4	225		0	225	0	2250000	2250000	6.352182518	0	6.352182518	0
B2	3	MRS	5	23		0	23	0	2300000	2300000	6.361727836	0	6.361727836	0
B2	3	PCA	3	300		x	300	x				0		x
B2	3	PCA	4	108		0	108	0	1080000	1080000	6.033423755	0	6.033423755	0
B2	3	PCA	5	4		0		x				0		x
B2	3	RCM	2	300		x	300	x				1	4.477121255	0
B2	3	VRBD	1	300		x	300	x				0		x
B2	3	VRBD	2	119		0	119	0	11900	11900	4.075546961	0	4.075546961	0
B2	3	VRBD	3	8		0		x				0		x
B2	3	YGC25	1	170		0	170	0	5100	5100	3.707570176	0	3.707570176	0
B2	3	YGC25	2	55		0	55	0	5500	5500	3.740362689	0	3.740362689	0
B2	3	YGC4	1	200	x	x	200	x				0		x
B2	3	YGC4	2	66		0	66	0	6600	6600	3.819543936	0	3.819543936	0
B2	4	BR	1	120		0	120	0	3600	3600	3.556302501	0	3.556302501	0
B2	4	BR	2	31		0	31	0	3100	3100	3.491361694	0	3.491361694	0
B2	4	MRS	4	300		x	300	x				0		x
B2	4	MRS	5	96		0	96	0	9600000	9600000	6.982271233	0	6.982271233	0
B2	4	MRS	6	8		0		x				0		x
B2	4	PCA	4	300		x	300	x				0		x
B2	4	PCA	5	78		0	78	0	7800000	7800000	6.892094603	0	6.892094603	0
B2	4	PCA	6	7		0		x				0		x
B2	4	RCM	3	300		x	300	x				1	5.477121255	0
B2	4	VRBD	1	300		x	300	x				0		x
B2	4	VRBD	2	175		0	175	0	17500	17500	4.243038049	0	4.243038049	0
B2	4	VRBD	3	16		0	16	0	16000	16000	4.204119983	0	4.204119983	0
B2	4	YGC25	1	132		0	132	0	3960	3960	3.597695186	0	3.597695186	0
B2	4	YGC25	2	61		0	61	0	6100	6100	3.785329835	0	3.785329835	0
B2	4	YGC4	1	300		x	300	x				0		x
B2	4	YGC4	2	283		0	283	0	28300	28300	4.451786436	0	4.451786436	0
B2	5	BR	2	142		0	142	0	14200	14200	4.152288344	0	4.152288344	0
B2	5	BR	3	17		0	17	0	17000	17000	4.230448921	0	4.230448921	0
B2	5	MRS	5	300		x	300	x				0		x
B2	5	MRS	6	28		0	28	0	28000000	28000000	7.447158031	0	7.447158031	0
B2	5	MRS	7	2		0		x				0		x
B2	5	PCA	5	210		0	210	0	21000000	21000000	7.322219295	0	7.322219295	0
B2	5	PCA	6	13		0	13	0	13000000	13000000	7.113943352	0	7.113943352	0
B2	5	PCA	7	3		0		x				0		x
B2	5	VRBD	2	300		x	300	x				0		x
B2	5	VRBD	3	35		0	35	0	35000	35000	4.544068044	0	4.544068044	0
B2	5	VRBD	4	27		0	27	0	270000	270000	5.431363764	0	5.431363764	0
B2	5	YGC25	2	178		0	178	0	17800	17800	4.250420002	0	4.250420002	0
B2	5	YGC25	3	12		0	12	0	12000	12000	4.079181246	0	4.079181246	0
B2	5	YGC4	2	244		0	244	0	24400	24400	4.387389826	0	4.387389826	0
B2	5	YGC4	3	51		0	51	0	51000	51000	4.707570176	0	4.707570176	0
B2	6	BR	3	13		0	13	0	13000	13000	4.113943352	0	4.113943352	0
B2	6	BR	4	2		0		x				0		x
B2	6	MRS	6	127		0	127	0	127000000	127000000	8.103803721	0	8.103803721	0
B2	6	MRS	7	8		0		x				0		x
B2	6	MRS	8		x	x		x				0		x
B2	6	PCA	6	58		0	58	0	58000000	58000000	7.763427994	0	7.763427994	0
B2	6	PCA	7		x	x		x				0		x
B2	6	PCA	8	0		0		x				0		x
B2	6	VRBD	3	29		0	29	0	29000	29000	4.462397998	0	4.462397998	0
B2	6	VRBD	4	7		0		x				0		x
B2	6	VRBD	5	0		0		x				0		x
B2	6	YGC25	3	21		0	21	0	21000	21000	4.322219295	0	4.322219295	0
B2	6	YGC25	4	3		0		x				0		x
B2	6	YGC4	3	300		x	300	x				0		x
B2	6	YGC4	4	91		0	91	0	910000	910000	5.959041392	0	5.959041392	0
B2	7	BR	3	29		0	29	0	29000	29000	4.462397998	0	4.462397998	0
B2	7	BR	4	2		0		x				0		x
B2	7	MRS	5	300		x	300	x				0		x
B2	7	MRS	6	130		0	130	0	130000000	130000000	8.113943352	0	8.113943352	0
B2	7	MRS	7	17		0	17	0	170000000	170000000	8.230448921	0	8.230448921	0
B2	7	PCA	5	300		x	300	x				0		x
B2	7	PCA	6	77		0	77	0	77000000	77000000	7.886490725	0	7.886490725	0
B2	7	PCA	7	19		0	19	0	190000000	190000000	8.278753601	0	8.278753601	0
B2	7	VRBD	3	26		0	26	0	26000	26000	4.414973348	0	4.414973348	0
B2	7	VRBD	4	1		0		x				0		x
B2	7	VRBD	5	0		0		x				0		x
B2	7	YGC25	3	39		0	39	0	39000	39000	4.591064607	0	4.591064607	0
B2	7	YGC25	4	4		0		x				0		x
B2	7	YGC4	3	63		0	63	0	63000	63000	4.799340549	0	4.799340549	0
B2	7	YGC4	4	12		0	12	0	120000	120000	5.079181246	0	5.079181246	0
B2	8	BR	3	57		0	57	0	57000	57000	4.755874856	0	4.755874856	0
B2	8	BR	4	6		0		x				0		x
B2	8	MRS	6	197		0	197	0	197000000	197000000	8.294466226	0	8.294466226	0
B2	8	MRS	7	19		0	19	0	190000000	190000000	8.278753601	0	8.278753601	0
B2	8	MRS	8	2		0		x				0		x
B2	8	PCA	6	113		0	113	0	113000000	113000000	8.053078443	0	8.053078443	0
B2	8	PCA	7	18		0	18	0	180000000	180000000	8.255272505	0	8.255272505	0
B2	8	PCA	8	2		0		x				0		x
B2	8	VRBD	2	53		0	53	0	5300	5300	3.72427587	0	3.72427587	0
B2	8	VRBD	3	2		0		x				0		x
B2	8	VRBD	4	1		0		x				0		x
B2	8	YGC25	3	88		0	88	0	88000	88000	4.944482672	0	4.944482672	0
B2	8	YGC25	4	6		0		x				0		x
B2	8	YGC4	3	83		0	83	0	83000	83000	4.919078092	0	4.919078092	0
B2	8	YGC4	4	3		0		x				0		x
B3	1	BR	1	2		0	2	0	60	60	1.77815125	0	1.77815125	0
B3	1	BR	2	0		0		x				0		x
B3	1	MRS	3	2		0	2	0	2000	2000	3.301029996	0	3.301029996	0
B3	1	MRS	4	0		0		x				0		x
B3	1	MRS	5	0		0		x				0		x
B3	1	MRS	6	0		0		x				0		x
B3	1	PCA	3	2		0	2	0	2000	2000	3.301029996	0	3.301029996	0
B3	1	PCA	4	0		0		x				0		x
B3	1	PCA	5	0		0		x				0		x
B3	1	PCA	6	0		0		x				0		x
B3	1	RCM	1	4		0	4	0	120	120	2.079181246	0	2.079181246	0
B3	1	VRBD	1	0		0	0	0	0	1	0	0	0	0
B3	1	VRBD	2	0		0		x				0		x
B3	1	VRBD	3	0		0		x				0		x
B3	1	YGC25	1	9		0	9	0	270	270	2.431363764	0	2.431363764	0
B3	1	YGC25	2	0		0		x				0		x
B3	1	YGC4	1	1		0	1	0	30	30	1.477121255	0	1.477121255	0
B3	1	YGC4	2	0		0		x				0		x
B3	2	BR	1	5		0	5	0	150	150	2.176091259	0	2.176091259	0
B3	2	BR	2	1		0		x				0		x
B3	2	MRS	2	101		0	101	0	10100	10100	4.004321374	0	4.004321374	0
B3	2	MRS	3	12		0	12	0	12000	12000	4.079181246	0	4.079181246	0
B3	2	PCA	2	129		0	129	0	12900	12900	4.11058971	0	4.11058971	0
B3	2	PCA	3	10		0	10	0	10000	10000	4	0	4	0
B3	2	RCM	1	154		0	154	0	4620	4620	3.664641976	0	3.664641976	0
B3	2	VRBD	1	20		0	20	0	600	600	2.77815125	0	2.77815125	0
B3	2	VRBD	2	0		0		x				0		x
B3	2	YGC25	1	6		0	6	0	180	180	2.255272505	0	2.255272505	0
B3	2	YGC25	2	6		0		x				0		x
B3	2	YGC4	1	9		0	9	0	270	270	2.431363764	0	2.431363764	0
B3	2	YGC4	2	4		0		x				0		x
B3	3	BR	1	NA	x	x	NA	x				0		x
B3	3	BR	2	10		0	10	0	1000	1000	3	0	3	0
B3	3	MRS	3	300		x	300	x				0		x
B3	3	MRS	4	154		0	154	0	1540000	1540000	6.187520721	0	6.187520721	0
B3	3	MRS	5	16		0	16	0	1600000	1600000	6.204119983	0	6.204119983	0
B3	3	PCA	3	300		x	300	x				0		x
B3	3	PCA	4	125		0	125	0	1250000	1250000	6.096910013	0	6.096910013	0
B3	3	PCA	5	15		0	15	0	1500000	1500000	6.176091259	0	6.176091259	0
B3	3	RCM	2	300		x	300	x				1	4.477121255	0
B3	3	VRBD	1	300		x	300	x				0		x
B3	3	VRBD	2	52		0	52	0	5200	5200	3.716003344	0	3.716003344	0
B3	3	VRBD	3	4		0		x				0		x
B3	3	YGC25	1	NA	x	x	NA	x				0		x
B3	3	YGC25	2	7		0		x				0		x
B3	3	YGC4	1	18		0	18	0	540	540	2.73239376	0	2.73239376	0
B3	3	YGC4	2	2		0		x				0		x
B3	4	BR	1	186		0	186	0	5580	5580	3.746634199	0	3.746634199	0
B3	4	BR	2	68		0	68	0	6800	6800	3.832508913	0	3.832508913	0
B3	4	MRS	4	300		x	300	x				0		x
B3	4	MRS	5	48		0	48	0	4800000	4800000	6.681241237	0	6.681241237	0
B3	4	MRS	6	5		0		x				0		x
B3	4	PCA	4	300		x	300	x				0		x
B3	4	PCA	5	41		0	41	0	4100000	4100000	6.612783857	0	6.612783857	0
B3	4	PCA	6	2		0		x				0		x
B3	4	RCM	3	300		x	300	x				1	5.477121255	0
B3	4	VRBD	1	300		x	300	x				0		x
B3	4	VRBD	2	171		0	171	0	17100	17100	4.23299611	0	4.23299611	0
B3	4	VRBD	3	15		0	15	0	15000	15000	4.176091259	0	4.176091259	0
B3	4	YGC25	1	166		0	166	0	4980	4980	3.697229343	0	3.697229343	0
B3	4	YGC25	2	71		0	71	0	7100	7100	3.851258349	0	3.851258349	0
B3	4	YGC4	1	219		0	219	0	6570	6570	3.81756537	0	3.81756537	0
B3	4	YGC4	2	56		0	56	0	5600	5600	3.748188027	0	3.748188027	0
B3	5	BR	2	42		0	42	0	4200	4200	3.62324929	0	3.62324929	0
B3	5	BR	3	8		0		x				0		x
B3	5	MRS	5	300		x	300	x				0		x
B3	5	MRS	6	33		0	33	0	33000000	33000000	7.51851394	0	7.51851394	0
B3	5	MRS	7	0		0		x				0		x
B3	5	PCA	5	175		0	175	0	17500000	17500000	7.243038049	0	7.243038049	0
B3	5	PCA	6	20		0	20	0	20000000	20000000	7.301029996	0	7.301029996	0
B3	5	PCA	7	2		0		x				0		x
B3	5	VRBD	2	300		x	300	x				0		x
B3	5	VRBD	3	300		x	300	x				0		x
B3	5	VRBD	4	219		0	219	0	2190000	2190000	6.340444115	0	6.340444115	0
B3	5	YGC25	2	76		0	76	0	7600	7600	3.880813592	0	3.880813592	0
B3	5	YGC25	3	7		0		x				0		x
B3	5	YGC4	2	126		0	126	0	12600	12600	4.100370545	0	4.100370545	0
B3	5	YGC4	3	9		0		x				0		x
B3	6	BR	3	6		0	6	0	6000	6000	3.77815125	0	3.77815125	0
B3	6	BR	4	0		0		x				0		x
B3	6	MRS	6	100		0	100	0	100000000	100000000	8	0	8	0
B3	6	MRS	7	11		0	11	0	110000000	110000000	8.041392685	0	8.041392685	0
B3	6	MRS	8	3		0		x				0		x
B3	6	PCA	6	157		0	157	0	157000000	157000000	8.195899652	0	8.195899652	0
B3	6	PCA	7	5		0		x				0		x
B3	6	PCA	8	0		0		x				0		x
B3	6	VRBD	3	26		0	26	0	26000	26000	4.414973348	0	4.414973348	0
B3	6	VRBD	4	3		0		x				0		x
B3	6	VRBD	5	0		0		x				0		x
B3	6	YGC25	3	9		0	9	0	9000	9000	3.954242509	0	3.954242509	0
B3	6	YGC25	4	0		0		x				0		x
B3	6	YGC4	3	72		0	72	0	72000	72000	4.857332496	0	4.857332496	0
B3	6	YGC4	4	1		0		x				0		x
B3	7	BR	3	60		0	60	0	60000	60000	4.77815125	0	4.77815125	0
B3	7	BR	4	5		0		x				0		x
B3	7	MRS	5	300		x	300	x				0		x
B3	7	MRS	6	194		0	194	0	194000000	194000000	8.28780173	0	8.28780173	0
B3	7	MRS	7	26		0	26	0	260000000	260000000	8.414973348	0	8.414973348	0
B3	7	PCA	5	300		x	300	x				0		x
B3	7	PCA	6	162		0	162	0	162000000	162000000	8.209515015	0	8.209515015	0
B3	7	PCA	7	17		0	17	0	170000000	170000000	8.230448921	0	8.230448921	0
B3	7	VRBD	3	0	x	x	0	x				0		x
B3	7	VRBD	4	0	x	x		x				0		x
B3	7	VRBD	5	0	x	x		x				0		x
B3	7	YGC25	3	60		0	60	0	60000	60000	4.77815125	0	4.77815125	0
B3	7	YGC25	4	8		0		x				0		x
B3	7	YGC4	3	75		0	75	0	75000	75000	4.875061263	0	4.875061263	0
B3	7	YGC4	4	11		0	11	0	110000	110000	5.041392685	0	5.041392685	0
B3	8	BR	3	3		0	3	0	3000	3000	3.477121255	0	3.477121255	0
B3	8	BR	4	3	x	x		x				0		x
B3	8	MRS	6	141		0	141	0	141000000	141000000	8.149219113	0	8.149219113	0
B3	8	MRS	7	15		0	15	0	150000000	150000000	8.176091259	0	8.176091259	0
B3	8	MRS	8	0		0		x				0		x
B3	8	PCA	6	89		0	89	0	89000000	89000000	7.949390007	0	7.949390007	0
B3	8	PCA	7	10		0	10	0	100000000	100000000	8	0	8	0
B3	8	PCA	8	0		0		x				0		x
B3	8	VRBD	2	8		0	8	0	800	800	2.903089987	0	2.903089987	0
B3	8	VRBD	3	1		0		x				0		x
B3	8	VRBD	4	1		0		x				0		x
B3	8	YGC25	3	2		0	2	0	2000	2000	3.301029996	0	3.301029996	0
B3	8	YGC25	4	1		0		x				0		x
B3	8	YGC4	3	4		0	4	0	4000	4000	3.602059991	0	3.602059991	0
B3	8	YGC4	4	0		0		x				0		x
B4	1	BR	1	3		0	3	0	90	90	1.954242509	0	1.954242509	0
B4	1	BR	2	0		0		x				0		x
B4	1	MRS	2	2		0	2	0	200	200	2.301029996	0	2.301029996	0
B4	1	MRS	3	0		0		x				0		x
B4	1	PCA	2	234		0	234	0	23400	23400	4.369215857	0	4.369215857	0
B4	1	PCA	3	16		0	16	0	16000	16000	4.204119983	0	4.204119983	0
B4	1	RCM	1	3		0	3	0	90	90	1.954242509	0	1.954242509	0
B4	1	VRBD	1	0		0	0	0	0	1	0	0	0	0
B4	1	VRBD	2	0		0		x				0		x
B4	1	YGC25	1	2		0	2	0	60	60	1.77815125	0	1.77815125	0
B4	1	YGC25	2	1		0		x				0		x
B4	1	YGC4	1	4		0	4	0	120	120	2.079181246	0	2.079181246	0
B4	1	YGC4	2	1		0		x				0		x
B4	2	BR	1	26		0	26	0	780	780	2.892094603	0	2.892094603	0
B4	2	BR	2	1		0		x				0		x
B4	2	MRS	2	234		0	234	0	23400	23400	4.369215857	0	4.369215857	0
B4	2	MRS	3	22		0	22	0	22000	22000	4.342422681	0	4.342422681	0
B4	2	MRS	4	2		0		x				0		x
B4	2	PCA	2	300		x	300	x				0		x
B4	2	PCA	3	159		0	159	0	159000	159000	5.201397124	0	5.201397124	0
B4	2	PCA	4	5		0		x				0		x
B4	2	VRBD	1	9		0	9	0	270	270	2.431363764	0	2.431363764	0
B4	2	VRBD	2	2		0		x				0		x
B4	2	YGC25	1	6		0	6	0	180	180	2.255272505	0	2.255272505	0
B4	2	YGC25	2	3		0		x				0		x
B4	2	YGC4	1		x	x	0	x				0		x
B4	2	YGC4	2	6		0		x				0		x
B4	3	BR	1	76		0	76	0	2280	2280	3.357934847	0	3.357934847	0
B4	3	BR	2	16		0	16	0	1600	1600	3.204119983	0	3.204119983	0
B4	3	MRS	3	80		0	80	0	80000	80000	4.903089987	0	4.903089987	0
B4	3	MRS	4	9		0		x				0		x
B4	3	MRS	5	1		0		x				0		x
B4	3	PCA	3	235		0	235	0	235000	235000	5.371067862	0	5.371067862	0
B4	3	PCA	4	19		0	19	0	190000	190000	5.278753601	0	5.278753601	0
B4	3	PCA	5	4		0		x				0		x
B4	3	RCM	3	112		0	112	0	112000	112000	5.049218023	0	5.049218023	0
B4	3	VRBD	1	189		0	189	0	5670	5670	3.753583059	0	3.753583059	0
B4	3	VRBD	2	52		0	52	0	5200	5200	3.716003344	0	3.716003344	0
B4	3	VRBD	3	4		0		x				0		x
B4	3	YGC25	1	117		0	117	0	3510	3510	3.545307116	0	3.545307116	0
B4	3	YGC25	2	31		0	31	0	3100	3100	3.491361694	0	3.491361694	0
B4	3	YGC4	1	107		0	107	0	3210	3210	3.506505032	0	3.506505032	0
B4	3	YGC4	2	32		0	32	0	3200	3200	3.505149978	0	3.505149978	0
B4	4	BR	2	100		0	100	0	10000	10000	4	0	4	0
B4	4	BR	3	4		0		x				0		x
B4	4	MRS	5	15		0	15	0	1500000	1500000	6.176091259	0	6.176091259	0
B4	4	MRS	6	0		0		x				0		x
B4	4	PCA	5	10		0	10	0	1000000	1000000	6	0	6	0
B4	4	PCA	6	1		0		x				0		x
B4	4	VRBD	2	255		0	255	0	25500	25500	4.40654018	0	4.40654018	0
B4	4	VRBD	3	22		0	22	0	22000	22000	4.342422681	0	4.342422681	0
B4	4	YGC25	2	102		0	102	0	10200	10200	4.008600172	0	4.008600172	0
B4	4	YGC25	3	4		0		x				0		x
B4	4	YGC4	2	119		0	119	0	11900	11900	4.075546961	0	4.075546961	0
B4	4	YGC4	3	24		0	24	0	24000	24000	4.380211242	0	4.380211242	0
B4	5	BR	2	107		0	107	0	10700	10700	4.029383778	0	4.029383778	0
B4	5	BR	3	12		0	12	0	12000	12000	4.079181246	0	4.079181246	0
B4	5	MRS	5	300		x	300	x				0		x
B4	5	MRS	6	90		0	90	0	90000000	90000000	7.954242509	0	7.954242509	0
B4	5	MRS	7	8		0		x				0		x
B4	5	PCA	5	300		x	300	x				0		x
B4	5	PCA	6	90		0	90	0	90000000	90000000	7.954242509	0	7.954242509	0
B4	5	PCA	7	6		0		x				0		x
B4	5	VRBD	3	300		x	300	x				0		x
B4	5	VRBD	4	225		0	225	0	2250000	2250000	6.352182518	0	6.352182518	0
B4	5	YGC25	2	226		0	226	0	22600	22600	4.354108439	0	4.354108439	0
B4	5	YGC25	3	19		0	19	0	19000	19000	4.278753601	0	4.278753601	0
B4	5	YGC4	2	160		0	160	0	16000	16000	4.204119983	0	4.204119983	0
B4	5	YGC4	3	28		0	28	0	28000	28000	4.447158031	0	4.447158031	0
B4	6	BR	2	300		x	300	x				0		x
B4	6	BR	3	46		0	46	0	46000	46000	4.662757832	0	4.662757832	0
B4	6	MRS	5	219		0	219	0	21900000	21900000	7.340444115	0	7.340444115	0
B4	6	MRS	6	33		0	33	0	33000000	33000000	7.51851394	0	7.51851394	0
B4	6	MRS	7	5		0		x				0		x
B4	6	PCA	5	246		0	246	0	24600000	24600000	7.390935107	0	7.390935107	0
B4	6	PCA	6	38		0	38	0	38000000	38000000	7.579783597	0	7.579783597	0
B4	6	PCA	7	2		0		x				0		x
B4	6	VRBD	2	300		x	300	x				0		x
B4	6	VRBD	3	300		x	300	x				0		x
B4	6	VRBD	4	148		0	148	0	1480000	1480000	6.170261715	0	6.170261715	0
B4	6	YGC25	2	300		x	300	x				0		x
B4	6	YGC25	3	78		0	78	0	78000	78000	4.892094603	0	4.892094603	0
B4	6	YGC4	2	300		x	300	x				0		x
B4	6	YGC4	3	54		0	54	0	54000	54000	4.73239376	0	4.73239376	0
B4	7	BR	2	300		x	300	x				0		x
B4	7	BR	3	125		0	125	0	125000	125000	5.096910013	0	5.096910013	0
B4	7	MRS	5	225		0	225	0	22500000	22500000	7.352182518	0	7.352182518	0
B4	7	MRS	6	29		0	29	0	29000000	29000000	7.462397998	0	7.462397998	0
B4	7	MRS	7	2		0		x				0		x
B4	7	PCA	5	207		0	207	0	20700000	20700000	7.315970345	0	7.315970345	0
B4	7	PCA	6	32		0	32	0	32000000	32000000	7.505149978	0	7.505149978	0
B4	7	PCA	7	5		0		x				0		x
B4	7	VRBD	1	300		x	300	x				0		x
B4	7	VRBD	2	300		x	300	x				0		x
B4	7	VRBD	3	300		x	300	x				1	5.477121255	0
B4	7	YGC25	2	300		x	300	x				0		x
B4	7	YGC25	3	145		0	145	0	145000	145000	5.161368002	0	5.161368002	0
B4	7	YGC4	2		x	x	0	x				0		x
B4	7	YGC4	3		x	x		x				0		x
B4	8	BR	3	20		0	20	0	20000	20000	4.301029996	0	4.301029996	0
B4	8	BR	4	0		0		x				0		x
B4	8	MRS	5	125		0	125	0	12500000	12500000	7.096910013	0	7.096910013	0
B4	8	MRS	6	20		0	20	0	20000000	20000000	7.301029996	0	7.301029996	0
B4	8	MRS	7	2		0		x				0		x
B4	8	PCA	5	115		0	115	0	11500000	11500000	7.06069784	0	7.06069784	0
B4	8	PCA	6	15		0	15	0	15000000	15000000	7.176091259	0	7.176091259	0
B4	8	PCA	7	4		0		x				0		x
B4	8	VRBD	3	300		x	300	x				0		x
B4	8	VRBD	4	300		x	300	x				0		x
B4	8	VRBD	5	35		0	35	0	3500000	3500000	6.544068044	0	6.544068044	0
B4	8	YGC25	3	34		0	34	0	34000	34000	4.531478917	0	4.531478917	0
B4	8	YGC25	4	2		0		x				0		x
B5	1	BR	1	12		0	12	0	360	360	2.556302501	0	2.556302501	0
B5	1	BR	2	6		0		x				0		x
B5	1	MRS	2	34		0	34	0	3400	3400	3.531478917	0	3.531478917	0
B5	1	MRS	3	4		0		x				0		x
B5	1	PCA	2	17		0	17	0	1700	1700	3.230448921	0	3.230448921	0
B5	1	PCA	3	0		0		x				0		x
B5	1	RCM	3	11		0	11	0	11000	11000	4.041392685	0	4.041392685	0
B5	1	VRBD	1	3		0	3	0	90	90	1.954242509	0	1.954242509	0
B5	1	VRBD	2	0		0		x				0		x
B5	1	YGC25	1	23		0	23	0	690	690	2.838849091	0	2.838849091	0
B5	1	YGC25	2	5		0		x				0		x
B5	1	YGC4	1	17		0	17	0	510	510	2.707570176	0	2.707570176	0
B5	1	YGC4	2	4		0		x				0		x
B5	2	BR	1	132		0	132	0	3960	3960	3.597695186	0	3.597695186	0
B5	2	BR	2	2		0		x				0		x
B5	2	MRS	2	300		x	300	x				0		x
B5	2	MRS	3	19		0	19	0	19000	19000	4.278753601	0	4.278753601	0
B5	2	MRS	4	1		0		x				0		x
B5	2	PCA	2	300		x	300	x				0		x
B5	2	PCA	3	160		0	160	0	160000	160000	5.204119983	0	5.204119983	0
B5	2	PCA	4	7		0		x				0		x
B5	2	VRBD	1	0		0	0	0	0	1	0	0	0	0
B5	2	VRBD	2	0		0		x				0		x
B5	2	YGC25	1	118		0	118	0	3540	3540	3.549003262	0	3.549003262	0
B5	2	YGC25	2	47		0	47	0	4700	4700	3.672097858	0	3.672097858	0
B5	2	YGC4	1	93		0	93	0	2790	2790	3.445604203	0	3.445604203	0
B5	2	YGC4	2	32		0	32	0	3200	3200	3.505149978	0	3.505149978	0
B5	3	BR	1	200	x	x	200	x				0		x
B5	3	BR	2	68		0	68	0	6800	6800	3.832508913	0	3.832508913	0
B5	3	MRS	3	300		x	300	x				0		x
B5	3	MRS	4	58		0	58	0	580000	580000	5.763427994	0	5.763427994	0
B5	3	MRS	5	5		0		x				0		x
B5	3	PCA	3	300		x	300	x				0		x
B5	3	PCA	4	96		0	96	0	960000	960000	5.982271233	0	5.982271233	0
B5	3	PCA	5	6		0		x				0		x
B5	3	RCM	3	300		x	300	x				1	5.477121255	0
B5	3	VRBD	1	235		0	235	0	7050	7050	3.848189117	0	3.848189117	0
B5	3	VRBD	2	73		0	73	0	7300	7300	3.86332286	0	3.86332286	0
B5	3	VRBD	3	8		0		x				0		x
B5	3	YGC25	1	200	x	x	200	x				0		x
B5	3	YGC25	2	71		0	71	0	7100	7100	3.851258349	0	3.851258349	0
B5	3	YGC4	1	155		0	155	0	4650	4650	3.667452953	0	3.667452953	0
B5	3	YGC4	2	86		0	86	0	8600	8600	3.934498451	0	3.934498451	0
B5	4	BR	2	59		0	59	0	5900	5900	3.770852012	0	3.770852012	0
B5	4	BR	3	3		0		x				0		x
B5	4	MRS	5	47		0	47	0	4700000	4700000	6.672097858	0	6.672097858	0
B5	4	MRS	6	1		0		x				0		x
B5	4	PCA	5	21		0	21	0	2100000	2100000	6.322219295	0	6.322219295	0
B5	4	PCA	6	3		0		x				0		x
B5	4	VRBD	2	140		0	140	0	14000	14000	4.146128036	0	4.146128036	0
B5	4	VRBD	3	NA	x	x	NA	x				0		x
B5	4	YGC25	2	117		0	117	0	11700	11700	4.068185862	0	4.068185862	0
B5	4	YGC25	3	4		0		x				0		x
B5	4	YGC4	2	218		0	218	0	21800	21800	4.338456494	0	4.338456494	0
B5	4	YGC4	3	13		0	13	0	13000	13000	4.113943352	0	4.113943352	0
B5	5	BR	2	63		0	63	0	6300	6300	3.799340549	0	3.799340549	0
B5	5	BR	3	2		0		x				0		x
B5	5	MRS	5	219		0	219	0	21900000	21900000	7.340444115	0	7.340444115	0
B5	5	MRS	6	42		0	42	0	42000000	42000000	7.62324929	0	7.62324929	0
B5	5	MRS	7	4		0		x				0		x
B5	5	PCA	5	322		0	322	0	32200000	32200000	7.507855872	0	7.507855872	0
B5	5	PCA	6	34		0	34	0	34000000	34000000	7.531478917	0	7.531478917	0
B5	5	PCA	7	4		0		x				0		x
B5	5	VRBD	3	300		x	300	x				0		x
B5	5	VRBD	4	221		0	221	0	2210000	2210000	6.344392274	0	6.344392274	0
B5	5	YGC25	2	212		0	212	0	21200	21200	4.326335861	0	4.326335861	0
B5	5	YGC25	3		x	x		x				0		x
B5	5	YGC4	2	300		x	300	x				0		x
B5	5	YGC4	3	300		x	300	x				1	5.477121255	0
B5	6	BR	2	118		0	118	0	11800	11800	4.071882007	0	4.071882007	0
B5	6	BR	2	138		0	138	0	13800	13800	4.139879086	0	4.139879086	0
B5	6	BR	3	9		0		x				0		x
B5	6	BR	3	14		0	14	0	14000	14000	4.146128036	0	4.146128036	0
B5	6	MRS	5	130		0	130	0	13000000	13000000	7.113943352	0	7.113943352	0
B5	6	MRS	5	369		0	369	0	36900000	36900000	7.567026366	0	7.567026366	0
B5	6	MRS	6	19		0	19	0	19000000	19000000	7.278753601	0	7.278753601	0
B5	6	MRS	6	32		0	32	0	32000000	32000000	7.505149978	0	7.505149978	0
B5	6	MRS	7	0		0		x				0		x
B5	6	MRS	7	4		0		x				0		x
B5	6	PCA	5	134		0	134	0	13400000	13400000	7.127104798	0	7.127104798	0
B5	6	PCA	5	232		0	232	0	23200000	23200000	7.365487985	0	7.365487985	0
B5	6	PCA	6	21		0	21	0	21000000	21000000	7.322219295	0	7.322219295	0
B5	6	PCA	6	29		0	29	0	29000000	29000000	7.462397998	0	7.462397998	0
B5	6	PCA	7	0		0		x				0		x
B5	6	PCA	7	1		0		x				0		x
B5	6	VRBD	2	300		x	300	x				0		x
B5	6	VRBD	2	300		x	300	x				0		x
B5	6	VRBD	3	300		x	300	x				0		x
B5	6	VRBD	3	300		x	300	x				0		x
B5	6	VRBD	4	336		0	336	0	3360000	3360000	6.526339277	0	6.526339277	0
B5	6	VRBD	4	65		0	65	0	650000	650000	5.812913357	0	5.812913357	0
B5	6	YGC25	2	145		0	145	0	14500	14500	4.161368002	0	4.161368002	0
B5	6	YGC25	2	219		0	219	0	21900	21900	4.340444115	0	4.340444115	0
B5	6	YGC25	3	18		0	18	0	18000	18000	4.255272505	0	4.255272505	0
B5	6	YGC25	3	21		0	21	0	21000	21000	4.322219295	0	4.322219295	0
B5	6	YGC4	2	300		x	300	x				0		x
B5	6	YGC4	2	300		x	300	x				0		x
B5	6	YGC4	3	200		0	200	0	200000	200000	5.301029996	0	5.301029996	0
B5	6	YGC4	3	58		0	58	0	58000	58000	4.763427994	0	4.763427994	0
B5	7	BR	2	300		x	300	x				0		x
B5	7	BR	3	51		0	51	0	51000	51000	4.707570176	0	4.707570176	0
B5	7	MRS	5	232		0	232	0	23200000	23200000	7.365487985	0	7.365487985	0
B5	7	MRS	6	53		0	53	0	53000000	53000000	7.72427587	0	7.72427587	0
B5	7	MRS	7	11		0	11	0	110000000	110000000	8.041392685	0	8.041392685	0
B5	7	PCA	5	337		0	337	0	33700000	33700000	7.527629901	0	7.527629901	0
B5	7	PCA	6	43		0	43	0	43000000	43000000	7.633468456	0	7.633468456	0
B5	7	PCA	7	3		0		x				0		x
B5	7	VRBD	1	300		x	300	x				0		x
B5	7	VRBD	2	300		x	300	x				0		x
B5	7	VRBD	3	300		x	300	x				1	5.477121255	0
B5	7	YGC25	2	381		0	381	0	38100	38100	4.580924976	0	4.580924976	0
B5	7	YGC25	3	48		0	48	0	48000	48000	4.681241237	0	4.681241237	0
B5	7	YGC4	2		x	x	0	x				0		x
B5	7	YGC4	3		x	x		x				0		x
B5	8	BR	3	7		0	7	0	7000	7000	3.84509804	0	3.84509804	0
B5	8	BR	4	1		0		x				0		x
B5	8	MRS	5	174		0	174	0	17400000	17400000	7.240549248	0	7.240549248	0
B5	8	MRS	6	23		0	23	0	23000000	23000000	7.361727836	0	7.361727836	0
B5	8	MRS	7	1		0		x				0		x
B5	8	PCA	5	197		0	197	0	19700000	19700000	7.294466226	0	7.294466226	0
B5	8	PCA	6	18		0	18	0	18000000	18000000	7.255272505	0	7.255272505	0
B5	8	PCA	7	0		0		x				0		x
B5	8	VRBD	3	300		x	300	x				0		x
B5	8	VRBD	4	300		x	300	x				0		x
B5	8	VRBD	5	37		0	37	0	3700000	3700000	6.568201724	0	6.568201724	0
B5	8	YGC25	3	17		0	17	0	17000	17000	4.230448921	0	4.230448921	0
B5	8	YGC25	4	0		0		x				0		x
B6	1	BR	1	17		0	17	0	510	510	2.707570176	0	2.707570176	0
B6	1	BR	2	5		0		x				0		x
B6	1	MRS	2	15		0	15	0	1500	1500	3.176091259	0	3.176091259	0
B6	1	MRS	3	6		0		x				0		x
B6	1	PCA	2	194		0	194	0	19400	19400	4.28780173	0	4.28780173	0
B6	1	PCA	3	19		0	19	0	19000	19000	4.278753601	0	4.278753601	0
B6	1	RCM	1	3		0	3	0	90	90	1.954242509	0	1.954242509	0
B6	1	VRBD	1	0		0	0	0	0	1	0	0	0	0
B6	1	VRBD	2	0		0		x				0		x
B6	1	YGC25	1	21		0	21	0	630	630	2.799340549	0	2.799340549	0
B6	1	YGC25	2	5		0		x				0		x
B6	1	YGC4	1	24		0	24	0	720	720	2.857332496	0	2.857332496	0
B6	1	YGC4	2	1		0		x				0		x
B6	2	BR	1	55		0	55	0	1650	1650	3.217483944	0	3.217483944	0
B6	2	BR	2	17		0	17	0	1700	1700	3.230448921	0	3.230448921	0
B6	2	MRS	2	300		x	300	x				0		x
B6	2	MRS	3	28		0	28	0	28000	28000	4.447158031	0	4.447158031	0
B6	2	MRS	4	1		0		x				0		x
B6	2	PCA	2	300		x	300	x				0		x
B6	2	PCA	3	215		0	215	0	215000	215000	5.33243846	0	5.33243846	0
B6	2	PCA	4	20		0	20	0	200000	200000	5.301029996	0	5.301029996	0
B6	2	VRBD	1	400		0	400	0	12000	12000	4.079181246	0	4.079181246	0
B6	2	VRBD	2	334		0	334	0	33400	33400	4.523746467	0	4.523746467	0
B6	2	YGC25	1		x	x	0	x				0		x
B6	2	YGC25	2	49		0	49	0	4900	4900	3.69019608	0	3.69019608	0
B6	2	YGC4	1	107		0	107	0	3210	3210	3.506505032	0	3.506505032	0
B6	2	YGC4	2	22		0	22	0	2200	2200	3.342422681	0	3.342422681	0
B6	3	BR	1	300		x	300	x				0		x
B6	3	BR	2	96		0	96	0	9600	9600	3.982271233	0	3.982271233	0
B6	3	MRS	3	179		0	179	0	179000	179000	5.252853031	0	5.252853031	0
B6	3	MRS	4	19		0	19	0	190000	190000	5.278753601	0	5.278753601	0
B6	3	MRS	5	1		0		x				0		x
B6	3	PCA	3	300		x	300	x				0		x
B6	3	PCA	4	90		0	90	0	900000	900000	5.954242509	0	5.954242509	0
B6	3	PCA	5	9		0		x				0		x
B6	3	RCM	3	247		0	247	0	247000	247000	5.392696953	0	5.392696953	0
B6	3	VRBD	1	300		x	300	x				0		x
B6	3	VRBD	2	300		x	300	x				0		x
B6	3	VRBD	3	75		0	75	0	75000	75000	4.875061263	0	4.875061263	0
B6	3	YGC25	1	300		x	300	x				0		x
B6	3	YGC25	2	172		0	172	0	17200	17200	4.235528447	0	4.235528447	0
B6	3	YGC4	1	300		x	300	x				0		x
B6	3	YGC4	2	323		0	323	0	32300	32300	4.509202522	0	4.509202522	0
B6	4	BR	2	74		0	74	0	7400	7400	3.86923172	0	3.86923172	0
B6	4	BR	3	5		0		x				0		x
B6	4	MRS	5	34		0	34	0	3400000	3400000	6.531478917	0	6.531478917	0
B6	4	MRS	6	0		0		x				0		x
B6	4	PCA	5	16		0	16	0	1600000	1600000	6.204119983	0	6.204119983	0
B6	4	PCA	6	3		0		x				0		x
B6	4	VRBD	2	300		x	300	x				0		x
B6	4	VRBD	3	346		0	346	0	346000	346000	5.539076099	0	5.539076099	0
B6	4	YGC25	2	115		0	115	0	11500	11500	4.06069784	0	4.06069784	0
B6	4	YGC25	3	4		0		x				0		x
B6	4	YGC4	2	300		x	300	x				0		x
B6	4	YGC4	3	230		0	230	0	230000	230000	5.361727836	0	5.361727836	0
B6	5	BR	2	79		0	79	0	7900	7900	3.897627091	0	3.897627091	0
B6	5	BR	3	4		0		x				0		x
B6	5	MRS	5	300		x	300	x				0		x
B6	5	MRS	6	49		0	49	0	49000000	49000000	7.69019608	0	7.69019608	0
B6	5	MRS	7	5		0		x				0		x
B6	5	PCA	5	300		x	300	x				0		x
B6	5	PCA	6	55		0	55	0	55000000	55000000	7.740362689	0	7.740362689	0
B6	5	PCA	7	9		0		x				0		x
B6	5	VRBD	3	300		x	300	x				0		x
B6	5	VRBD	4	184		0	184	0	1840000	1840000	6.264817823	0	6.264817823	0
B6	5	YGC25	2	149		0	149	0	14900	14900	4.173186268	0	4.173186268	0
B6	5	YGC25	3	10		0	10	0	10000	10000	4	0	4	0
B6	5	YGC4	2	300		x	300	x				0		x
B6	5	YGC4	3	300		x	300	x				1	5.477121255	0
B6	7	BR	2	80		0	80	0	8000	8000	3.903089987	0	3.903089987	0
B6	7	BR	3	11		0	11	0	11000	11000	4.041392685	0	4.041392685	0
B6	7	MRS	5	300		x	300	x				0		x
B6	7	MRS	6	70		0	70	0	70000000	70000000	7.84509804	0	7.84509804	0
B6	7	MRS	7	4		0		x				0		x
B6	7	PCA	5	300		x	300	x				0		x
B6	7	PCA	6	67		0	67	0	67000000	67000000	7.826074803	0	7.826074803	0
B6	7	PCA	7	9		0		x				0		x
B6	7	VRBD	1	300		x	300	x				0		x
B6	7	VRBD	2	300		x	300	x				0		x
B6	7	VRBD	3	249		0	249	0	249000	249000	5.396199347	0	5.396199347	0
B6	7	YGC25	2	122		0	122	0	12200	12200	4.086359831	0	4.086359831	0
B6	7	YGC25	3	24		0	24	0	24000	24000	4.380211242	0	4.380211242	0
B6	7	YGC4	2		x	x	0	x				0		x
B6	7	YGC4	3		x	x		x				0		x
B6	8	BR	3	6		0	6	0	6000	6000	3.77815125	0	3.77815125	0
B6	8	BR	4	2		0		x				0		x
B6	8	MRS	5	300		x	300	x				0		x
B6	8	MRS	6	83		0	83	0	83000000	83000000	7.919078092	0	7.919078092	0
B6	8	MRS	7	9		0		x				0		x
B6	8	PCA	5	300		x	300	x				0		x
B6	8	PCA	6	77		0	77	0	77000000	77000000	7.886490725	0	7.886490725	0
B6	8	PCA	7	11		0	11	0	110000000	110000000	8.041392685	0	8.041392685	0
B6	8	VRBD	3	300		x	300	x				0		x
B6	8	VRBD	4	85		0	85	0	850000	850000	5.929418926	0	5.929418926	0
B6	8	VRBD	5	8		0		x				0		x
B6	8	YGC25	3	11		0	11	0	11000	11000	4.041392685	0	4.041392685	0
B6	8	YGC25	4	0		0		x				0		x
B7	1	BR	1	5		0	5	0	150	150	2.176091259	0	2.176091259	0
B7	1	BR	2	0		0		x				0		x
B7	1	MRS	2	9		0	9	0	900	900	2.954242509	0	2.954242509	0
B7	1	MRS	3	0		0		x				0		x
B7	1	PCA	2	300		x	300	x				0		x
B7	1	PCA	3	30		0	30	0	30000	30000	4.477121255	0	4.477121255	0
B7	1	RCM	3	2		0	2	0	2000	2000	3.301029996	0	3.301029996	0
B7	1	VRBD	1	80		0	80	0	2400	2400	3.380211242	0	3.380211242	0
B7	1	VRBD	2	26		0	26	0	2600	2600	3.414973348	0	3.414973348	0
B7	1	YGC25	1	25		0	25	0	750	750	2.875061263	0	2.875061263	0
B7	1	YGC25	2	4		0		x				0		x
B7	1	YGC4	1	31		0	31	0	930	930	2.968482949	0	2.968482949	0
B7	1	YGC4	2	8		0		x				0		x
B7	2	BR	1		x	x	0	x				0		x
B7	2	BR	2	30		0	30	0	3000	3000	3.477121255	0	3.477121255	0
B7	2	MRS	2	164		0	164	0	16400	16400	4.214843848	0	4.214843848	0
B7	2	MRS	3	13		0	13	0	13000	13000	4.113943352	0	4.113943352	0
B7	2	PCA	2	300		x	300	x				0		x
B7	2	PCA	3	75		0	75	0	75000	75000	4.875061263	0	4.875061263	0
B7	2	VRBD	1		x	x	0	x				0		x
B7	2	VRBD	2	31		0	31	0	3100	3100	3.491361694	0	3.491361694	0
B7	2	YGC25	1	322		0	322	0	9660	9660	3.984977126	0	3.984977126	0
B7	2	YGC25	2	82		0	82	0	8200	8200	3.913813852	0	3.913813852	0
B7	2	YGC4	1	300		x	300	x				0		x
B7	2	YGC4	2	74		0	74	0	7400	7400	3.86923172	0	3.86923172	0
B7	3	BR	1		x	x	0	x				0		x
B7	3	BR	2	15		0	15	0	1500	1500	3.176091259	0	3.176091259	0
B7	3	MRS	3	150		0	150	0	150000	150000	5.176091259	0	5.176091259	0
B7	3	MRS	4		x	x		x				0		x
B7	3	MRS	5	3		0		x				0		x
B7	3	PCA	3	300		x	300	x				0		x
B7	3	PCA	4	68		0	68	0	680000	680000	5.832508913	0	5.832508913	0
B7	3	PCA	5	7		0		x				0		x
B7	3	VRBD	1	300		x	300	x				0		x
B7	3	VRBD	2	300		x	300	x				0		x
B7	3	VRBD	3	51		0	51	0	51000	51000	4.707570176	0	4.707570176	0
B7	3	YGC25	1	300		x	300	x				0		x
B7	3	YGC25	2	158		0	158	0	15800	15800	4.198657087	0	4.198657087	0
B7	3	YGC4	1	300		x	300	x				0		x
B7	3	YGC4	2	198		0	198	0	19800	19800	4.29666519	0	4.29666519	0
B7	4	BR	2	300		x	300	x				0		x
B7	4	BR	3	85		0	85	0	85000	85000	4.929418926	0	4.929418926	0
B7	4	MRS	4	300		x	300	x				0		x
B7	4	MRS	5	44		0	44	0	4400000	4400000	6.643452676	0	6.643452676	0
B7	4	MRS	6	7		0		x				0		x
B7	4	PCA	4	300		x	300	x				0		x
B7	4	PCA	5	93		0	93	0	9300000	9300000	6.968482949	0	6.968482949	0
B7	4	PCA	6	16		0	16	0	16000000	16000000	7.204119983	0	7.204119983	0
B7	4	VRBD	2	300		x	300	x				0		x
B7	4	VRBD	3	300		x	300	x				1	5.477121255	0
B7	4	YGC25	2	300		x	300	x				0		x
B7	4	YGC25	3	53		0	53	0	53000	53000	4.72427587	0	4.72427587	0
B7	4	YGC4	2	300		x	300	x				0		x
B7	4	YGC4	3	300		x	300	x				1	5.477121255	0
B7	5	BR	2	300		x	300	x				0		x
B7	5	BR	3	300		x	300	x				1	5.477121255	0
B7	5	MRS	5	300		x	300	x				0		x
B7	5	MRS	6	56		0	56	0	56000000	56000000	7.748188027	0	7.748188027	0
B7	5	MRS	7	7		0		x				0		x
B7	5	PCA	5	300		x	300	x				0		x
B7	5	PCA	6	74		0	74	0	74000000	74000000	7.86923172	0	7.86923172	0
B7	5	PCA	7	7		0		x				0		x
B7	5	VRBD	2	300		x	300	x				0		x
B7	5	VRBD	3	300		x	300	x				0		x
B7	5	VRBD	4	300		x	300	x				1	6.477121255	0
B7	5	YGC25	2	300		x	300	x				0		x
B7	5	YGC25	3	300		x	300	x				1	5.477121255	0
B7	5	YGC4	2	300		x	300	x				0		x
B7	5	YGC4	3	300		x	300	x				1	5.477121255	0
B7	6	BR	4	4		0	4	0	40000	40000	4.602059991	0	4.602059991	0
B7	6	BR	5	2		0		x				0		x
B7	6	MRS	5	300		x	300	x				0		x
B7	6	MRS	6	53		0	53	0	53000000	53000000	7.72427587	0	7.72427587	0
B7	6	MRS	7	11		0	11	0	110000000	110000000	8.041392685	0	8.041392685	0
B7	6	PCA	5	300		x	300	x				0		x
B7	6	PCA	6	55		0	55	0	55000000	55000000	7.740362689	0	7.740362689	0
B7	6	PCA	7	12		0	12	0	120000000	120000000	8.079181246	0	8.079181246	0
B7	6	VRBD	4	0	x	x	0	x				0		x
B7	6	VRBD	5	0	x	x		x				0		x
B7	6	VRBD	6	9	x	x		x				0		x
B7	6	YGC25	4	304		0	304	0	3040000	3040000	6.482873584	0	6.482873584	0
B7	6	YGC25	5	30		0	30	0	3000000	3000000	6.477121255	0	6.477121255	0
B7	6	YGC4	4	263		0	263	0	2630000	2630000	6.419955748	0	6.419955748	0
B7	6	YGC4	5	32		0	32	0	3200000	3200000	6.505149978	0	6.505149978	0
B7	7	BR	3	35		0	35	0	35000	35000	4.544068044	0	4.544068044	0
B7	7	BR	4	1		0		x				0		x
B7	7	MRS	5	300		x	300	x				0		x
B7	7	MRS	6	166		0	166	0	166000000	166000000	8.220108088	0	8.220108088	0
B7	7	MRS	7	22		0	22	0	220000000	220000000	8.342422681	0	8.342422681	0
B7	7	PCA	5	300		x	300	x				0		x
B7	7	PCA	6	192		0	192	0	192000000	192000000	8.283301229	0	8.283301229	0
B7	7	PCA	7	22		0	22	0	220000000	220000000	8.342422681	0	8.342422681	0
B7	7	VRBD	3	300		x	300	x				0		x
B7	7	VRBD	4	83		0	83	0	830000	830000	5.919078092	0	5.919078092	0
B7	7	VRBD	5	11		0	11	0	1100000	1100000	6.041392685	0	6.041392685	0
B7	7	YGC25	3	104		0	104	0	104000	104000	5.017033339	0	5.017033339	0
B7	7	YGC25	4	10		0	10	0	100000	100000	5	0	5	0
B7	7	YGC4	3	300		x	300	x				0		x
B7	7	YGC4	4	100		0	100	0	1000000	1000000	6	0	6	0
B8	1	BR	1	0		0	0	0	0	1	0	0	0	0
B8	1	BR	2	0		0		x				0		x
B8	1	MRS	2	12		0	12	0	1200	1200	3.079181246	0	3.079181246	0
B8	1	MRS	3	1		0		x				0		x
B8	1	PCA	2	84		0	84	0	8400	8400	3.924279286	0	3.924279286	0
B8	1	PCA	3	5		0		x				0		x
B8	1	RCM	3	2		0	2	0	2000	2000	3.301029996	0	3.301029996	0
B8	1	VRBD	1	5		0	5	0	150	150	2.176091259	0	2.176091259	0
B8	1	VRBD	2	0		0		x				0		x
B8	1	YGC25	1	13		0	13	0	390	390	2.591064607	0	2.591064607	0
B8	1	YGC25	2	4		0		x				0		x
B8	1	YGC4	1	20		0	20	0	600	600	2.77815125	0	2.77815125	0
B8	1	YGC4	2	5		0		x				0		x
B8	2	BR	1		x	x	0	x				0		x
B8	2	BR	2	2		0		x				0		x
B8	2	MRS	2	254		0	254	0	25400	25400	4.404833717	0	4.404833717	0
B8	2	MRS	3	10		0	10	0	10000	10000	4	0	4	0
B8	2	PCA	2	300		x	300	x				0		x
B8	2	PCA	3		x	x		x				0		x
B8	2	VRBD	1	300		x	300	x				0		x
B8	2	VRBD	2	300		x	300	x				1	4.477121255	0
B8	2	YGC25	1		x	x	0	x				0		x
B8	2	YGC25	2	8		0		x				0		x
B8	2	YGC4	1		x	x	0	x				0		x
B8	2	YGC4	2	11		0	11	0	1100	1100	3.041392685	0	3.041392685	0
B8	3	BR	1		x	x	0	x				0		x
B8	3	BR	2	101		0	101	0	10100	10100	4.004321374	0	4.004321374	0
B8	3	MRS	3	300		x	300	x				0		x
B8	3	MRS	4	58		0	58	0	580000	580000	5.763427994	0	5.763427994	0
B8	3	MRS	5	15		0	15	0	1500000	1500000	6.176091259	0	6.176091259	0
B8	3	PCA	3	300		x	300	x				0		x
B8	3	PCA	4	300		x	300	x				0		x
B8	3	PCA	5	86		0	86	0	8600000	8600000	6.934498451	0	6.934498451	0
B8	3	VRBD	1	300		x	300	x				0		x
B8	3	VRBD	2	300		x	300	x				0		x
B8	3	VRBD	3	300		x	300	x				1	5.477121255	0
B8	3	YGC25	1	300		x	300	x				0		x
B8	3	YGC25	2	300		x	300	x				1	4.477121255	0
B8	3	YGC4	1	300		x	300	x				0		x
B8	3	YGC4	2	300		x	300	x				1	4.477121255	0
B8	4	BR	2	300		x	300	x				0		x
B8	4	BR	3	158		0	158	0	158000	158000	5.198657087	0	5.198657087	0
B8	4	MRS	4	300		x	300	x				0		x
B8	4	MRS	5	262		0	262	0	26200000	26200000	7.418301291	0	7.418301291	0
B8	4	MRS	6	8		0		x				0		x
B8	4	PCA	4	300		x	300	x				0		x
B8	4	PCA	5	156		0	156	0	15600000	15600000	7.193124598	0	7.193124598	0
B8	4	PCA	6	19		0	19	0	19000000	19000000	7.278753601	0	7.278753601	0
B8	4	VRBD	2	300		x	300	x				0		x
B8	4	VRBD	3	300		x	300	x				1	5.477121255	0
B8	4	YGC25	2	300		x	300	x				0		x
B8	4	YGC25	3	300		x	300	x				1	5.477121255	0
B8	4	YGC4	2	300		x	300	x				0		x
B8	4	YGC4	3	300		x	300	x				1	5.477121255	0
B8	5	BR	2	300		x	300	x				0		x
B8	5	BR	3	300		x	300	x				1	5.477121255	0
B8	5	MRS	5	300		x	300	x				0		x
B8	5	MRS	6	52		0	52	0	52000000	52000000	7.716003344	0	7.716003344	0
B8	5	MRS	7	9		0		x				0		x
B8	5	PCA	5	300		x	300	x				0		x
B8	5	PCA	6	87		0	87	0	87000000	87000000	7.939519253	0	7.939519253	0
B8	5	PCA	7	14		0	14	0	140000000	140000000	8.146128036	0	8.146128036	0
B8	5	VRBD	2	300		x	300	x				0		x
B8	5	VRBD	3	300		x	300	x				0		x
B8	5	VRBD	4	300		x	300	x				1	6.477121255	0
B8	5	YGC25	2	300		x	300	x				0		x
B8	5	YGC25	3	300		x	300	x				1	5.477121255	0
B8	5	YGC4	2	300		x	300	x				0		x
B8	5	YGC4	3	300		x	300	x				1	5.477121255	0
B8	6	BR	4	0	x	x	0	x				0		x
B8	6	BR	5	1		0		x				0		x
B8	6	MRS	5	300		x	300	x				0		x
B8	6	MRS	6	122		0	122	0	122000000	122000000	8.086359831	0	8.086359831	0
B8	6	MRS	7	19		0	19	0	190000000	190000000	8.278753601	0	8.278753601	0
B8	6	PCA	5	300		x	300	x				0		x
B8	6	PCA	6	155		0	155	0	155000000	155000000	8.190331698	0	8.190331698	0
B8	6	PCA	7	20		0	20	0	200000000	200000000	8.301029996	0	8.301029996	0
B8	6	VRBD	4	1	x	x	1	x				0		x
B8	6	VRBD	5	0	x	x		x				0		x
B8	6	VRBD	6	0	x	x		x				0		x
B8	6	YGC25	4	53		0	53	0	530000	530000	5.72427587	0	5.72427587	0
B8	6	YGC25	5	5		0		x				0		x
B8	6	YGC4	4	83		0	83	0	830000	830000	5.919078092	0	5.919078092	0
B8	6	YGC4	5	9		0		x				0		x
B8	7	BR	3	100		0	100	0	100000	100000	5	0	5	0
B8	7	BR	4	12		0	12	0	120000	120000	5.079181246	0	5.079181246	0
B8	7	MRS	5	300		x	300	x				0		x
B8	7	MRS	6	187		0	187	0	187000000	187000000	8.271841607	0	8.271841607	0
B8	7	MRS	7	22		0	22	0	220000000	220000000	8.342422681	0	8.342422681	0
B8	7	PCA	5	300		x	300	x				0		x
B8	7	PCA	6	300		x	300	x				0		x
B8	7	PCA	7	28		0	28	0	280000000	280000000	8.447158031	0	8.447158031	0
B8	7	VRBD	3	300		x	300	x				0		x
B8	7	VRBD	4	300		x	300	x				0		x
B8	7	VRBD	5	142		0	142	0	14200000	14200000	7.152288344	0	7.152288344	0
B8	7	YGC25	3	300		x	300	x				0		x
B8	7	YGC25	4	115		0	115	0	1150000	1150000	6.06069784	0	6.06069784	0
B8	7	YGC4	3	14		0	14	0	14000	14000	4.146128036	0	4.146128036	0
B8	7	YGC4	4	2		0		x				0		x
B9	1	BR	1	0		0	0	0	0	1	0	0	0	0
B9	1	BR	2	0		0		x				0		x
B9	1	MRS	2	2		0	2	0	200	200	2.301029996	0	2.301029996	0
B9	1	MRS	3	0		0		x				0		x
B9	1	PCA	2	28		0	28	0	2800	2800	3.447158031	0	3.447158031	0
B9	1	PCA	3	4		0		x				0		x
B9	1	RCM	3	0		0	0	0	0	1	0	0	0	0
B9	1	VRBD	1	1		0	1	0	30	30	1.477121255	0	1.477121255	0
B9	1	VRBD	2	0		0		x				0		x
B9	1	YGC25	1	3		0	3	0	90	90	1.954242509	0	1.954242509	0
B9	1	YGC25	2	0		0		x				0		x
B9	1	YGC4	1	0		0	0	0	0	1	0	0	0	0
B9	1	YGC4	2	0		0		x				0		x
B9	2	BR	1		x	x	0	x				0		x
B9	2	BR	2	26		0	26	0	2600	2600	3.414973348	0	3.414973348	0
B9	2	MRS	2		x	x	0	x				0		x
B9	2	MRS	3	41		0	41	0	41000	41000	4.612783857	0	4.612783857	0
B9	2	PCA	2	300		x	300	x				0		x
B9	2	PCA	3	153		0	153	0	153000	153000	5.184691431	0	5.184691431	0
B9	2	VRBD	1	78		0	78	0	2340	2340	3.369215857	0	3.369215857	0
B9	2	VRBD	2	15		0	15	0	1500	1500	3.176091259	0	3.176091259	0
B9	2	YGC25	1		x	x	0	x				0		x
B9	2	YGC25	2	40		0	40	0	4000	4000	3.602059991	0	3.602059991	0
B9	2	YGC4	1		x	x	0	x				0		x
B9	2	YGC4	2	48		0	48	0	4800	4800	3.681241237	0	3.681241237	0
B9	3	BR	1		x	x	0	x				0		x
B9	3	BR	2	25		0	25	0	2500	2500	3.397940009	0	3.397940009	0
B9	3	MRS	3	300		x	300	x				0		x
B9	3	MRS	4	82		0	82	0	820000	820000	5.913813852	0	5.913813852	0
B9	3	MRS	5	8		0		x				0		x
B9	3	PCA	3	300		x	300	x				0		x
B9	3	PCA	4	299		0	299	0	2990000	2990000	6.475671188	0	6.475671188	0
B9	3	PCA	5	26		0	26	0	2600000	2600000	6.414973348	0	6.414973348	0
B9	3	VRBD	1	300		x	300	x				0		x
B9	3	VRBD	2	300		x	300	x				0		x
B9	3	VRBD	3	204		0	204	0	204000	204000	5.309630167	0	5.309630167	0
B9	3	YGC25	1	300		x	300	x				0		x
B9	3	YGC25	2	300		x	300	x				1	4.477121255	0
B9	3	YGC4	1	300		x	300	x				0		x
B9	3	YGC4	2	300		x	300	x				1	4.477121255	0
B9	4	BR	2	60		0	60	0	6000	6000	3.77815125	0	3.77815125	0
B9	4	BR	3	0		0		x				0		x
B9	4	MRS	4	210		0	210	0	2100000	2100000	6.322219295	0	6.322219295	0
B9	4	MRS	5	52		0	52	0	5200000	5200000	6.716003344	0	6.716003344	0
B9	4	MRS	6	5		0		x				0		x
B9	4	PCA	4	300		x	300	x				0		x
B9	4	PCA	5	18		0	18	0	1800000	1800000	6.255272505	0	6.255272505	0
B9	4	PCA	6	15		0	15	0	15000000	15000000	7.176091259	0	7.176091259	0
B9	4	VRBD	2	300		x	300	x				0		x
B9	4	VRBD	3	300		x	300	x				1	5.477121255	0
B9	4	YGC25	2	300		x	300	x				0		x
B9	4	YGC25	3	228		0	228	0	228000	228000	5.357934847	0	5.357934847	0
B9	4	YGC4	2	300		x	300	x				0		x
B9	4	YGC4	3	300		x	300	x				1	5.477121255	0
B9	5	BR	2	300		x	300	x				0		x
B9	5	BR	3	300		x	300	x				1	5.477121255	0
B9	5	MRS	5	35		0	35	0	3500000	3500000	6.544068044	0	6.544068044	0
B9	5	MRS	6	3		0		x				0		x
B9	5	MRS	7	0		0		x				0		x
B9	5	PCA	5	123		0	123	0	12300000	12300000	7.089905111	0	7.089905111	0
B9	5	PCA	6	13		0	13	0	13000000	13000000	7.113943352	0	7.113943352	0
B9	5	PCA	7	3		0		x				0		x
B9	5	VRBD	2	300		x	300	x				0		x
B9	5	VRBD	3	300		x	300	x				0		x
B9	5	VRBD	4	182		0	182	0	1820000	1820000	6.260071388	0	6.260071388	0
B9	5	YGC25	2	300		x	300	x				0		x
B9	5	YGC25	3	300		x	300	x				1	5.477121255	0
B9	5	YGC4	2	300		x	300	x				0		x
B9	5	YGC4	3	300		x	300	x				1	5.477121255	0
B9	6	BR	4	3		0	3	0	30000	30000	4.477121255	0	4.477121255	0
B9	6	BR	5	0		0		x				0		x
B9	6	MRS	5	300		x	300	x				0		x
B9	6	MRS	6	115		0	115	0	115000000	115000000	8.06069784	0	8.06069784	0
B9	6	MRS	7	8		0		x				0		x
B9	6	PCA	5	300		x	300	x				0		x
B9	6	PCA	6	118		0	118	0	118000000	118000000	8.071882007	0	8.071882007	0
B9	6	PCA	7	13		0	13	0	130000000	130000000	8.113943352	0	8.113943352	0
B9	6	VRBD	4	0	x	x	0	x				0		x
B9	6	VRBD	5	0	x	x		x				0		x
B9	6	VRBD	6	0	x	x		x				0		x
B9	6	YGC25	4	320		0	320	0	3200000	3200000	6.505149978	0	6.505149978	0
B9	6	YGC25	5	47		0	47	0	4700000	4700000	6.672097858	0	6.672097858	0
B9	6	YGC4	4	60		0	60	0	600000	600000	5.77815125	0	5.77815125	0
B9	6	YGC4	5	7		0		x				0		x
B9	7	BR	3	300		x	300	x				0		x
B9	7	BR	4	79		0	79	0	790000	790000	5.897627091	0	5.897627091	0
B9	7	MRS	5	300		x	300	x				0		x
B9	7	MRS	6	144		0	144	0	144000000	144000000	8.158362492	0	8.158362492	0
B9	7	MRS	7	18		0	18	0	180000000	180000000	8.255272505	0	8.255272505	0
B9	7	PCA	5	300		x	300	x				0		x
B9	7	PCA	6	87		0	87	0	87000000	87000000	7.939519253	0	7.939519253	0
B9	7	PCA	7	15		0	15	0	150000000	150000000	8.176091259	0	8.176091259	0
B9	7	VRBD	3	300		x	300	x				0		x
B9	7	VRBD	4	300		x	300	x				0		x
B9	7	VRBD	5	112		0	112	0	11200000	11200000	7.049218023	0	7.049218023	0
B9	7	YGC25	3	300		x	300	x				0		x
B9	7	YGC25	4	300		x	300	x				1	6.477121255	0
B9	7	YGC4	3	300		x	300	x				0		x
B9	7	YGC4	4	100		0	100	0	1000000	1000000	6	0	6	0
B4	8	YGC4	3	41		0	41	0	41000	41000	4.612783857	0	4.612783857	0
B4	8	YGC4	4	0		0		x				0		x
B5	8	YGC4	3	12		0	12	0	12000	12000	4.079181246	0	4.079181246	0
B5	8	YGC4	4	0		0		x				0		x
B6	8	YGC4	3	4		0		x				0		x
B6	8	YGC4	4	0		0		x				0		x
B7	8	BR	3	23		0	23	0	23000	23000	4.361727836	0	4.361727836	0
B7	8	BR	4	0		0		x				0		x
B7	8	MRS	5	122		0	122	0	12200000	12200000	7.086359831	0	7.086359831	0
B7	8	MRS	6	21		0	21	0	21000000	21000000	7.322219295	0	7.322219295	0
B7	8	MRS	7	2		0		x				0		x
B7	8	PCA	5	300		x	300	x				0		x
B7	8	PCA	6	37		0	37	0	37000000	37000000	7.568201724	0	7.568201724	0
B7	8	PCA	7	7		0		x				0		x
B7	8	VRBD	3	2		0	2	0	2000	2000	3.301029996	0	3.301029996	0
B7	8	VRBD	4	0		0		x				0		x
B7	8	VRBD	5	2		0		x				0		x
B7	8	YGC25	3	29		0	29	0	29000	29000	4.462397998	0	4.462397998	0
B7	8	YGC25	4	2		0		x				0		x
B8	8	BR	3	300		x	300	x				0		x
B8	8	BR	4	300		x	300	x				1	6.477121255	0
B8	8	MRS	5	300		x	300	x				0		x
B8	8	MRS	6	95		0	95	0	95000000	95000000	7.977723605	0	7.977723605	0
B8	8	MRS	7	9		0		x				0		x
B8	8	PCA	5	300		x	300	x				0		x
B8	8	PCA	6	88		0	88	0	88000000	88000000	7.944482672	0	7.944482672	0
B8	8	PCA	7	9		0		x				0		x
B8	8	VRBD	3	7		0	7	0	7000	7000	3.84509804	0	3.84509804	0
B8	8	VRBD	4	4		0		x				0		x
B8	8	VRBD	5	32		0	32	0	3200000	3200000	6.505149978	0	6.505149978	0
B8	8	YGC25	3	16		0	16	0	16000	16000	4.204119983	0	4.204119983	0
B8	8	YGC25	4	2		0		x				0		x
B9	8	BR	3	8		0	8	0	8000	8000	3.903089987	0	3.903089987	0
B9	8	BR	4	1		0		x				0		x
B9	8	MRS	5	300		x	300	x				0		x
B9	8	MRS	6	100		0	100	0	100000000	100000000	8	0	8	0
B9	8	MRS	7	15		0	15	0	150000000	150000000	8.176091259	0	8.176091259	0
B9	8	PCA	5	300		x	300	x				0		x
B9	8	PCA	6	94		0	94	0	94000000	94000000	7.973127854	0	7.973127854	0
B9	8	PCA	7	6		0		x				0		x
B9	8	VRBD	3	15		0	15	0	15000	15000	4.176091259	0	4.176091259	0
B9	8	VRBD	4	6		0		x				0		x
B9	8	VRBD	5	14		0	14	0	1400000	1400000	6.146128036	0	6.146128036	0
B9	8	YGC25	3	12		0	12	0	12000	12000	4.079181246	0	4.079181246	0
B9	8	YGC25	4	0		0		x				0		x
B1	9	BR	3	4		0	4	0	4000	4000	3.602059991	0	3.602059991	0
B1	9	BR	4	0		0		x				0		x
B1	9	MRS	5	300		x	300	x				0		x
B1	9	MRS	6	62		0	62	0	62000000	62000000	7.792391689	0	7.792391689	0
B1	9	MRS	7	5		0		x				0		x
B1	9	PCA	5	300		x	300	x				0		x
B1	9	PCA	6	54		0	54	0	54000000	54000000	7.73239376	0	7.73239376	0
B1	9	PCA	7	6		0		x				0		x
B1	9	VRBD	1	0		0	0	0	0	1	0	0	0	0
B1	9	VRBD	2	0		0		x				0		x
B1	9	VRBD	3	0		0		x				0		x
B1	9	YGC25	3	4		0	4	0	4000	4000	3.602059991	0	3.602059991	0
B1	9	YGC25	4	1		0		x				0		x
B1	9	YGC4	3	35		0	35	0	35000	35000	4.544068044	0	4.544068044	0
B1	9	YGC4	4	3		0		x				0		x
B2	9	BR	3	210		0	210	0	210000	210000	5.322219295	0	5.322219295	0
B2	9	BR	4	20		0	20	0	200000	200000	5.301029996	0	5.301029996	0
B2	9	MRS	5	300		x	300	x				0		x
B2	9	MRS	6	113		0	113	0	113000000	113000000	8.053078443	0	8.053078443	0
B2	9	MRS	7	16		0	16	0	160000000	160000000	8.204119983	0	8.204119983	0
B2	9	PCA	5	300		x	300	x				0		x
B2	9	PCA	6	66		0	66	0	66000000	66000000	7.819543936	0	7.819543936	0
B2	9	PCA	7	11		0	11	0	110000000	110000000	8.041392685	0	8.041392685	0
B2	9	VRBD	1	0	x	x	0	x				0		x
B2	9	VRBD	2	30		0	30	0	3000	3000	3.477121255	0	3.477121255	0
B2	9	VRBD	3	9		0		x				0		x
B2	9	YGC25	3	35		0	35	0	35000	35000	4.544068044	0	4.544068044	0
B2	9	YGC25	4	5		0		x				0		x
B2	9	YGC4	3	28		0	28	0	28000	28000	4.447158031	0	4.447158031	0
B2	9	YGC4	4	4		0		x				0		x
B3	9	BR	3	10		0	10	0	10000	10000	4	0	4	0
B3	9	BR	4	0		0		x				0		x
B3	9	MRS	5	300		x	300	x				0		x
B3	9	MRS	6	46		0	46	0	46000000	46000000	7.662757832	0	7.662757832	0
B3	9	MRS	7	5		0		x				0		x
B3	9	PCA	5	300		x	300	x				0		x
B3	9	PCA	6	32		0	32	0	32000000	32000000	7.505149978	0	7.505149978	0
B3	9	PCA	7	4		0		x				0		x
B3	9	VRBD	1	0		0	0	0	0	1	0	0	0	0
B3	9	VRBD	2	0		0		x				0		x
B3	9	VRBD	3	0		0		x				0		x
B3	9	YGC25	3	10		0	10	0	10000	10000	4	0	4	0
B3	9	YGC25	4	0		0		x				0		x
B3	9	YGC4	3	9		0	9	0	9000	9000	3.954242509	0	3.954242509	0
B3	9	YGC4	4	1		0		x				0		x
B4	9	BR	3	25		0	25	0	25000	25000	4.397940009	0	4.397940009	0
B4	9	BR	4	2		0		x				0		x
B4	9	MRS	5	300		x	300	x				0		x
B4	9	MRS	6	50		0	50	0	50000000	50000000	7.698970004	0	7.698970004	0
B4	9	MRS	7	4		0		x				0		x
B4	9	PCA	5	300		x	300	x				0		x
B4	9	PCA	6	70		0	70	0	70000000	70000000	7.84509804	0	7.84509804	0
B4	9	PCA	7	14		0	14	0	140000000	140000000	8.146128036	0	8.146128036	0
B4	9	VRBD	3	6		0	6	0	6000	6000	3.77815125	0	3.77815125	0
B4	9	VRBD	4	1		0		x				0		x
B4	9	VRBD	5	0		0		x				0		x
B4	9	YGC25	3	25		0	25	0	25000	25000	4.397940009	0	4.397940009	0
B4	9	YGC25	4	5		0		x				0		x
B4	9	YGC4	3	35		0	35	0	35000	35000	4.544068044	0	4.544068044	0
B4	9	YGC4	4	2		0		x				0		x
B5	9	BR	3	7		0	7	0	7000	7000	3.84509804	0	3.84509804	0
B5	9	BR	4	0		0		x				0		x
B5	9	MRS	5	122		0	122	0	12200000	12200000	7.086359831	0	7.086359831	0
B5	9	MRS	6	23		0	23	0	23000000	23000000	7.361727836	0	7.361727836	0
B5	9	MRS	7	1		0		x				0		x
B5	9	PCA	5	88		0	88	0	8800000	8800000	6.944482672	0	6.944482672	0
B5	9	PCA	6	36		0	36	0	36000000	36000000	7.556302501	0	7.556302501	0
B5	9	PCA	7	4		0		x				0		x
B5	9	VRBD	3	0		0	0	0	0	1	0	0	0	0
B5	9	VRBD	4	1		0		x				0		x
B5	9	VRBD	5	0		0		x				0		x
B5	9	YGC25	3	11		0	11	0	11000	11000	4.041392685	0	4.041392685	0
B5	9	YGC25	4	0		0		x				0		x
B5	9	YGC4	3	14		0	14	0	14000	14000	4.146128036	0	4.146128036	0
B5	9	YGC4	4	5		0		x				0		x
B6	9	BR	3	47		0	47	0	47000	47000	4.672097858	0	4.672097858	0
B6	9	BR	4	1		0		x				0		x
B6	9	MRS	5	300		x	300	x				0		x
B6	9	MRS	6	129		0	129	0	129000000	129000000	8.11058971	0	8.11058971	0
B6	9	MRS	7	13		0	13	0	130000000	130000000	8.113943352	0	8.113943352	0
B6	9	PCA	5	300		x	300	x				0		x
B6	9	PCA	6	106		0	106	0	106000000	106000000	8.025305865	0	8.025305865	0
B6	9	PCA	7	18		0	18	0	180000000	180000000	8.255272505	0	8.255272505	0
B6	9	VRBD	3	0		0	0	0	0	1	0	0	0	0
B6	9	VRBD	4	2		0		x				0		x
B6	9	VRBD	5	0		0		x				0		x
B6	9	YGC25	3	16		0	16	0	16000	16000	4.204119983	0	4.204119983	0
B6	9	YGC25	4	2		0		x				0		x
B6	9	YGC4	3	10		0	10	0	10000	10000	4	0	4	0
B6	9	YGC4	4	2		0		x				0		x
B7	9	BR	3	129		0	129	0	129000	129000	5.11058971	0	5.11058971	0
B7	9	BR	4	19		0	19	0	190000	190000	5.278753601	0	5.278753601	0
B7	9	MRS	5	300		x	300	x				0		x
B7	9	MRS	6	73		0	73	0	73000000	73000000	7.86332286	0	7.86332286	0
B7	9	MRS	7	6		0		x				0		x
B7	9	PCA	5	300		x	300	x				0		x
B7	9	PCA	6	68		0	68	0	68000000	68000000	7.832508913	0	7.832508913	0
B7	9	PCA	7	6		0		x				0		x
B7	9	VRBD	1	300		x	300	x				0		x
B7	9	VRBD	2	300		x	300	x				0		x
B7	9	VRBD	3	300		x	300	x				0		x
B7	9	VRBD	4	300		x	300	x				1	6.477121255	0
B7	9	YGC25	3	114		0	114	0	114000	114000	5.056904851	0	5.056904851	0
B7	9	YGC25	4	12		0	12	0	120000	120000	5.079181246	0	5.079181246	0
B7	9	YGC4	3	137		0	137	0	137000	137000	5.136720567	0	5.136720567	0
B7	9	YGC4	4	11		0	11	0	110000	110000	5.041392685	0	5.041392685	0
B8	9	BR	3	11		0	11	0	11000	11000	4.041392685	0	4.041392685	0
B8	9	BR	4	2		0		x				0		x
B8	9	MRS	5	300		x	300	x				0		x
B8	9	MRS	6	58		0	58	0	58000000	58000000	7.763427994	0	7.763427994	0
B8	9	MRS	7	9		0		x				0		x
B8	9	PCA	5	300		x	300	x				0		x
B8	9	PCA	6	67		0	67	0	67000000	67000000	7.826074803	0	7.826074803	0
B8	9	PCA	7	7		0		x				0		x
B8	9	VRBD	1	300		x	300	x				0		x
B8	9	VRBD	2	300		x	300	x				0		x
B8	9	VRBD	3	300		x	300	x				0		x
B8	9	VRBD	4	300		x	300	x				1	6.477121255	0
B8	9	YGC25	3	18		0	18	0	18000	18000	4.255272505	0	4.255272505	0
B8	9	YGC25	4	2		0		x				0		x
B8	9	YGC4	3	300		x	300	x				0		x
B8	9	YGC4	4	300		x	300	x				1	6.477121255	0
B9	9	BR	3	300		x	300	x				0		x
B9	9	BR	4	150		0	150	0	1500000	1500000	6.176091259	0	6.176091259	0
B9	9	MRS	5	300		x	300	x				0		x
B9	9	MRS	6	127		0	127	0	127000000	127000000	8.103803721	0	8.103803721	0
B9	9	MRS	7	23		0	23	0	230000000	230000000	8.361727836	0	8.361727836	0
B9	9	PCA	5	300		x	300	x				0		x
B9	9	PCA	6	153		0	153	0	153000000	153000000	8.184691431	0	8.184691431	0
B9	9	PCA	7	14		0	14	0	140000000	140000000	8.146128036	0	8.146128036	0
B9	9	VRBD	1	300		x	300	x				0		x
B9	9	VRBD	2	300		x	300	x				0		x
B9	9	VRBD	3	300		x	300	x				0		x
B9	9	VRBD	4	300		x	300	x				1	6.477121255	0
B9	9	YGC25	3	300		x	300	x				0		x
B9	9	YGC25	4	300		x	300	x				1	6.477121255	0
B9	9	YGC4	3	300		x	300	x				0		x
B9	9	YGC4	4	300		x	300	x				1	6.477121255	0
B1	10	BR	3	19		0	19	0	19000	19000	4.278753601	0	4.278753601	0
B1	10	BR	4	2		0		x				0		x
B1	10	MRS	5	300		x	300	x				0		x
B1	10	MRS	6	183		0	183	0	183000000	183000000	8.26245109	0	8.26245109	0
B1	10	MRS	7	18		0	18	0	180000000	180000000	8.255272505	0	8.255272505	0
B1	10	PCA	5	300		x	300	x				0		x
B1	10	PCA	6	134		0	134	0	134000000	134000000	8.127104798	0	8.127104798	0
B1	10	PCA	7	20		0	20	0	200000000	200000000	8.301029996	0	8.301029996	0
B1	10	VRBD	1	0		0	0	0	0	1	0	0	0	0
B1	10	VRBD	2	0		0		x				0		x
B1	10	VRBD	3	0		0		x				0		x
B1	10	VRBD	4	0		0		x				0		x
B1	10	YGC25	3	26		0	26	0	26000	26000	4.414973348	0	4.414973348	0
B1	10	YGC25	4	2		0		x				0		x
B1	10	YGC4	3	30		0	30	0	30000	30000	4.477121255	0	4.477121255	0
B1	10	YGC4	4	1		0		x				0		x
B2	10	BR	3	13		0	13	0	13000	13000	4.113943352	0	4.113943352	0
B2	10	BR	4	2		0		x				0		x
B2	10	MRS	5	300		x	300	x				0		x
B2	10	MRS	6	300		x	300	x				0		x
B2	10	MRS	7	30		0	30	0	300000000	300000000	8.477121255	0	8.477121255	0
B2	10	PCA	5	300		x	300	x				0		x
B2	10	PCA	6	134		0	134	0	134000000	134000000	8.127104798	0	8.127104798	0
B2	10	PCA	7	13		0	13	0	130000000	130000000	8.113943352	0	8.113943352	0
B2	10	VRBD	1	300		x	300	x				0		x
B2	10	VRBD	2	300		x	300	x				0		x
B2	10	VRBD	3	300		x	300	x				0		x
B2	10	VRBD	4	52		0	52	0	520000	520000	5.716003344	0	5.716003344	0
B2	10	YGC25	3	19		0	19	0	19000	19000	4.278753601	0	4.278753601	0
B2	10	YGC25	4	3		0		x				0		x
B2	10	YGC4	3	21		0	21	0	21000	21000	4.322219295	0	4.322219295	0
B2	10	YGC4	4	2		0		x				0		x
B3	10	BR	3	39		0	39	0	39000	39000	4.591064607	0	4.591064607	0
B3	10	BR	4	5		0		x				0		x
B3	10	MRS	5	300		x	300	x				0		x
B3	10	MRS	6	175		0	175	0	175000000	175000000	8.243038049	0	8.243038049	0
B3	10	MRS	7	26		0	26	0	260000000	260000000	8.414973348	0	8.414973348	0
B3	10	PCA	5	300		x	300	x				0		x
B3	10	PCA	6	142		0	142	0	142000000	142000000	8.152288344	0	8.152288344	0
B3	10	PCA	7	17		0	17	0	170000000	170000000	8.230448921	0	8.230448921	0
B3	10	VRBD	1	300		x	300	x				0		x
B3	10	VRBD	2	300		x	300	x				0		x
B3	10	VRBD	3	300		x	300	x				0		x
B3	10	VRBD	4	331		0	331	0	3310000	3310000	6.519827994	0	6.519827994	0
B3	10	YGC25	3	34		0	34	0	34000	34000	4.531478917	0	4.531478917	0
B3	10	YGC25	4	4		0		x				0		x
B3	10	YGC4	3	300		x	300	x				0		x
B3	10	YGC4	4	300		x	300	x				1	6.477121255	0
B6	10	BR	3	9		0	9	0	9000	9000	3.954242509	0	3.954242509	0
B6	10	BR	4	0		0		x				0		x
B6	10	MRS	5	300		x	300	x				0		x
B6	10	MRS	6	163		0	163	0	163000000	163000000	8.212187604	0	8.212187604	0
B6	10	MRS	7	15		0	15	0	150000000	150000000	8.176091259	0	8.176091259	0
B6	10	PCA	5	300		x	300	x				0		x
B6	10	PCA	6	175		0	175	0	175000000	175000000	8.243038049	0	8.243038049	0
B6	10	PCA	7	19		0	19	0	190000000	190000000	8.278753601	0	8.278753601	0
B6	10	VRBD	2	300		x	300	x				0		x
B6	10	VRBD	3	300		x	300	x				0		x
B6	10	VRBD	4	39		0	39	0	390000	390000	5.591064607	0	5.591064607	0
B6	10	VRBD	5	9		0		x				0		x
B6	10	YGC25	3	9		0	9	0	9000	9000	3.954242509	0	3.954242509	0
B6	10	YGC25	4	1		0		x				0		x
B6	10	YGC4	3	300		x	300	x				0		x
B6	10	YGC4	4	96		0	96	0	960000	960000	5.982271233	0	5.982271233	0
B5	10	BR	3	17		0	17	0	17000	17000	4.230448921	0	4.230448921	0
B5	10	BR	4	0		0		x				0		x
B5	10	MRS	5	71		0	71	0	7100000	7100000	6.851258349	0	6.851258349	0
B5	10	MRS	6	10		0	10	0	10000000	10000000	7	0	7	0
B5	10	MRS	7	0		0		x				0		x
B5	10	PCA	5	82		0	82	0	8200000	8200000	6.913813852	0	6.913813852	0
B5	10	PCA	6	11		0	11	0	11000000	11000000	7.041392685	0	7.041392685	0
B5	10	PCA	7	0		0		x				0		x
B5	10	VRBD	2	0		0	0	0	0	1	0	0	0	0
B5	10	VRBD	3	0		0		x				0		x
B5	10	VRBD	4	0		0		x				0		x
B5	10	VRBD	5	0		0		x				0		x
B5	10	YGC25	3	17		0	17	0	17000	17000	4.230448921	0	4.230448921	0
B5	10	YGC25	4	1		0		x				0		x
B5	10	YGC4	3	300		x	300	x				0		x
B5	10	YGC4	4	270		0	270	0	2700000	2700000	6.431363764	0	6.431363764	0
B4	10	BR	3	11		0	11	0	11000	11000	4.041392685	0	4.041392685	0
B4	10	BR	4	1		0		x				0		x
B4	10	MRS	5	166		0	166	0	16600000	16600000	7.220108088	0	7.220108088	0
B4	10	MRS	6	24		0	24	0	24000000	24000000	7.380211242	0	7.380211242	0
B4	10	MRS	7	3		0		x				0		x
B4	10	PCA	5	166		0	166	0	16600000	16600000	7.220108088	0	7.220108088	0
B4	10	PCA	6	22		0	22	0	22000000	22000000	7.342422681	0	7.342422681	0
B4	10	PCA	7	1		0		x				0		x
B4	10	VRBD	2	0		0	0	0	0	1	0	0	0	0
B4	10	VRBD	3	0		0		x				0		x
B4	10	VRBD	4	0		0		x				0		x
B4	10	VRBD	5	0		0		x				0		x
B4	10	YGC25	3	25		0	25	0	25000	25000	4.397940009	0	4.397940009	0
B4	10	YGC25	4	3		0		x				0		x
B4	10	YGC4	3	20		0	20	0	20000	20000	4.301029996	0	4.301029996	0
B4	10	YGC4	4	1		0		x				0		x
B7	10	BR	3	300		x	300	x				0		x
B7	10	BR	4	93		0	93	0	930000	930000	5.968482949	0	5.968482949	0
B7	10	MRS	5	300		x	300	x				0		x
B7	10	MRS	6	300		x	300	x				0		x
B7	10	MRS	7	76		0	76	0	760000000	760000000	8.880813592	0	8.880813592	0
B7	10	PCA	5	300		x	300	x				0		x
B7	10	PCA	6	300		x	300	x				0		x
B7	10	PCA	7	89		0	89	0	890000000	890000000	8.949390007	0	8.949390007	0
B7	10	VRBD	3	300		x	300	x				0		x
B7	10	VRBD	4	300		x	300	x				0		x
B7	10	VRBD	5	57		0	57	0	5700000	5700000	6.755874856	0	6.755874856	0
B7	10	VRBD	6	21		0	21	0	21000000	21000000	7.322219295	0	7.322219295	0
B7	10	YGC25	3	300		x	300	x				0		x
B7	10	YGC25	4	168		0	168	0	1680000	1680000	6.225309282	0	6.225309282	0
B7	10	YGC4	3	300		x	300	x				0		x
B7	10	YGC4	4	300		x	300	x				1	6.477121255	0
B8	10	BR	3	186		0	186	0	186000	186000	5.269512944	0	5.269512944	0
B8	10	BR	4	39		0	39	0	390000	390000	5.591064607	0	5.591064607	0
B8	10	MRS	5	300		x	300	x				0		x
B8	10	MRS	6	110		0	110	0	110000000	110000000	8.041392685	0	8.041392685	0
B8	10	MRS	7	12		0	12	0	120000000	120000000	8.079181246	0	8.079181246	0
B8	10	PCA	5	300		x	300	x				0		x
B8	10	PCA	6	63		0	63	0	63000000	63000000	7.799340549	0	7.799340549	0
B8	10	PCA	7	7		0		x				0		x
B8	10	VRBD	3	300		x	300	x				0		x
B8	10	VRBD	4	142		0	142	0	1420000	1420000	6.152288344	0	6.152288344	0
B8	10	VRBD	5	18		0	18	0	1800000	1800000	6.255272505	0	6.255272505	0
B8	10	VRBD	6	0		0		x				0		x
B8	10	YGC25	3	221		0	221	0	221000	221000	5.344392274	0	5.344392274	0
B8	10	YGC25	4	36		0	36	0	360000	360000	5.556302501	0	5.556302501	0
B8	10	YGC4	3	300		x	300	x				0		x
B8	10	YGC4	4	300		x	300	x				1	6.477121255	0
B9	10	BR	3	300		x	300	x				0		x
B9	10	BR	4	300		x	300	x				1	6.477121255	0
B9	10	MRS	5	300		x	300	x				0		x
B9	10	MRS	6	129		0	129	0	129000000	129000000	8.11058971	0	8.11058971	0
B9	10	MRS	7	14		0	14	0	140000000	140000000	8.146128036	0	8.146128036	0
B9	10	PCA	5	300		x	300	x				0		x
B9	10	PCA	6	116		0	116	0	116000000	116000000	8.064457989	0	8.064457989	0
B9	10	PCA	7	10		0	10	0	100000000	100000000	8	0	8	0
B9	10	VRBD	3	300		x	300	x				0		x
B9	10	VRBD	4	300		x	300	x				0		x
B9	10	VRBD	5	300		x	300	x				0		x
B9	10	VRBD	6	36		0	36	0	36000000	36000000	7.556302501	0	7.556302501	0
B9	10	YGC25	3	300		x	300	x				0		x
B9	10	YGC25	4	300		x	300	x				1	6.477121255	0
B9	10	YGC4	3	300		x	300	x				0		x
B9	10	YGC4	4	300		x	300	x				1	6.477121255	0
